   950.11876485	     0.97320124
   950.61882735	     0.97451027
   951.11888986	     0.97581275
   951.61895237	     0.97710430
   952.11901488	     0.97838034
   952.61907738	     0.97963611
   953.11913989	     0.98086677
   953.61920240	     0.98206747
   954.11926491	     0.98323345
   954.61932742	     0.98436010
   955.11938992	     0.98544302
   955.61945243	     0.98647813
   956.11951494	     0.98746168
   956.61957745	     0.98839034
   957.11963996	     0.98926119
   957.61970246	     0.99007179
   958.11976497	     0.99082020
   958.61982748	     0.99150495
   959.11988999	     0.99212507
   959.61995249	     0.99268009
   960.12001500	     0.99316999
   960.62007751	     0.99359523
   961.12014002	     0.99395667
   961.62020252	     0.99425558
   962.12026503	     0.99449362
   962.62032754	     0.99467275
   963.12039005	     0.99479527
   963.62045256	     0.99486373
   964.12051506	     0.99488094
   964.62057757	     0.99484988
   965.12064008	     0.99477375
   965.62070259	     0.99465586
   966.12076510	     0.99449964
   966.62082760	     0.99430859
   967.12089011	     0.99408627
   967.62095262	     0.99383621
   968.12101513	     0.99356194
   968.62107764	     0.99326690
   969.12114014	     0.99295443
   969.62120265	     0.99262768
   970.12126516	     0.99228964
   970.62132767	     0.99194300
   971.12139017	     0.99159018
   971.62145268	     0.99123323
   972.12151519	     0.99087378
   972.62157770	     0.99051303
   973.12164020	     0.99015167
   973.62170271	     0.98978983
   974.12176522	     0.98942709
   974.62182773	     0.98906239
   975.12189024	     0.98869407
   975.62195274	     0.98831979
   976.12201525	     0.98793662
   976.62207776	     0.98754097
   977.12214027	     0.98712869
   977.62220278	     0.98669508
   978.12226528	     0.98623495
   978.62232779	     0.98574273
   979.12239030	     0.98521254
   979.62245281	     0.98463831
   980.12251531	     0.98401393
   980.62257782	     0.98333335
   981.12264033	     0.98259077
   981.62270284	     0.98178078
   982.12276535	     0.98089856
   982.62282785	     0.97993999
   983.12289036	     0.97890188
   983.62295287	     0.97778210
   984.12301538	     0.97657971
   984.62307789	     0.97529516
   985.12314039	     0.97393033
   985.62320290	     0.97248867
   986.12326541	     0.97097525
   986.62332792	     0.96939680
   987.12339042	     0.96776167
   987.62345293	     0.96607982
   988.12351544	     0.96436275
   988.62357795	     0.96262332
   989.12364045	     0.96087566
   989.62370296	     0.95913491
   990.12376547	     0.95741703
   990.62382798	     0.95573848
   991.12389049	     0.95411599
   991.62395299	     0.95256617
   992.12401550	     0.95110521
   992.62407801	     0.94974854
   993.12414052	     0.94851046
   993.62420303	     0.94740381
   994.12426553	     0.94643964
   994.62432804	     0.94562688
   995.12439055	     0.94497208
   995.62445306	     0.94447915
   996.12451556	     0.94414916
   996.62457807	     0.94398018
   997.12464058	     0.94396716
   997.62470309	     0.94410187
   998.12476560	     0.94437291
   998.62482810	     0.94476575
   999.12489061	     0.94526285
   999.62495312	     0.94584385
  1000.12501563	     0.94648571
  1000.62507813	     0.94716309
  1001.12514064	     0.94784855
  1001.62520315	     0.94851300
  1002.12526566	     0.94912603
  1002.62532817	     0.94965638
  1003.12539067	     0.95007233
  1003.62545318	     0.95034222
  1004.12551569	     0.95043493
  1004.62557820	     0.95032030
  1005.12564071	     0.94996971
  1005.62570321	     0.94935647
  1006.12576572	     0.94845637
  1006.62582823	     0.94724806
  1007.12589074	     0.94571351
  1007.62595324	     0.94383841
  1008.12601575	     0.94161249
  1008.62607826	     0.93902985
  1009.12614077	     0.93608924
  1009.62620328	     0.93279423
  1010.12626578	     0.92915336
  1010.62632829	     0.92518023
  1011.12639080	     0.92089351
  1011.62645331	     0.91631684
  1012.12651581	     0.91147873
  1012.62657832	     0.90641229
  1013.12664083	     0.90115497
  1013.62670334	     0.89574817
  1014.12676585	     0.89023675
  1014.62682835	     0.88466858
  1015.12689086	     0.87909390
  1015.62695337	     0.87356470
  1016.12701588	     0.86813403
  1016.62707838	     0.86285531
  1017.12714089	     0.85778156
  1017.62720340	     0.85296465
  1018.12726591	     0.84845459
  1018.62732842	     0.84429877
  1019.12739092	     0.84054131
  1019.62745343	     0.83722237
  1020.12751594	     0.83437760
  1020.62757845	     0.83203762
  1021.12764096	     0.83022760
  1021.62770346	     0.82896688
  1022.12776597	     0.82826876
  1022.62782848	     0.82814033
  1023.12789099	     0.82858246
  1023.62795349	     0.82958978
  1024.12801600	     0.83115090
  1024.62807851	     0.83324860
  1025.12814102	     0.83586018
  1025.62820353	     0.83895783
  1026.12826603	     0.84250910
  1026.62832854	     0.84647741
  1027.12839105	     0.85082260
  1027.62845356	     0.85550148
  1028.12851606	     0.86046845
  1028.62857857	     0.86567606
  1029.12864108	     0.87107558
  1029.62870359	     0.87661754
  1030.12876610	     0.88225227
  1030.62882860	     0.88793034
  1031.12889111	     0.89360299
  1031.62895362	     0.89922246
  1032.12901613	     0.90474233
  1032.62907863	     0.91011771
  1033.12914114	     0.91530547
  1033.62920365	     0.92026427
  1034.12926616	     0.92495470
  1034.62932867	     0.92933920
  1035.12939117	     0.93338206
  1035.62945368	     0.93704931
  1036.12951619	     0.94030862
  1036.62957870	     0.94312915
  1037.12964121	     0.94548138
  1037.62970371	     0.94733698
  1038.12976622	     0.94866868
  1038.62982873	     0.94945013
  1039.12989124	     0.94965581
  1039.62995374	     0.94926102
  1040.13001625	     0.94824185
  1040.63007876	     0.94657527
  1041.13014127	     0.94423923
  1041.63020378	     0.94121292
  1042.13026628	     0.93747698
  1042.63032879	     0.93301387
  1043.13039130	     0.92780830
  1043.63045381	     0.92184770
  1044.13051631	     0.91512273
  1044.63057882	     0.90762792
  1045.13064133	     0.89936224
  1045.63070384	     0.89032979
  1046.13076635	     0.88054037
  1046.63082885	     0.87001017
  1047.13089136	     0.85876233
  1047.63095387	     0.84682745
  1048.13101638	     0.83424403
  1048.63107888	     0.82105883
  1049.13114139	     0.80732705
  1049.63120390	     0.79311241
  1050.13126641	     0.77848703
  1050.63132892	     0.76353119
  1051.13139142	     0.74833284
  1051.63145393	     0.73298698
  1052.13151644	     0.71759481
  1052.63157895	     0.70226275
  1053.13164146	     0.68710124
  1053.63170396	     0.67222344
  1054.13176647	     0.65774374
  1054.63182898	     0.64377626
  1055.13189149	     0.63043321
  1055.63195399	     0.61782323
  1056.13201650	     0.60604981
  1056.63207901	     0.59520965
  1057.13214152	     0.58539118
  1057.63220403	     0.57667320
  1058.13226653	     0.56912364
  1058.63232904	     0.56279854
  1059.13239155	     0.55774130
  1059.63245406	     0.55398200
  1060.13251656	     0.55153722
  1060.63257907	     0.55040989
  1061.13264158	     0.55058953
  1061.63270409	     0.55205271
  1062.13276660	     0.55476373
  1062.63282910	     0.55867554
  1063.13289161	     0.56373081
  1063.63295412	     0.56986321
  1064.13301663	     0.57699875
  1064.63307913	     0.58505722
  1065.13314164	     0.59395371
  1065.63320415	     0.60360008
  1066.13326666	     0.61390643
  1066.63332917	     0.62478247
  1067.13339167	     0.63613885
  1067.63345418	     0.64788828
  1068.13351669	     0.65994663
  1068.63357920	     0.67223373
  1069.13364171	     0.68467412
  1069.63370421	     0.69719755
  1070.13376672	     0.70973939
  1070.63382923	     0.72224081
  1071.13389174	     0.73464888
  1071.63395424	     0.74691645
  1072.13401675	     0.75900200
  1072.63407926	     0.77086939
  1073.13414177	     0.78248747
  1073.63420428	     0.79382969
  1074.13426678	     0.80487367
  1074.63432929	     0.81560077
  1075.13439180	     0.82599560
  1075.63445431	     0.83604561
  1076.13451681	     0.84574066
  1076.63457932	     0.85507265
  1077.13464183	     0.86403520
  1077.63470434	     0.87262331
  1078.13476685	     0.88083313
  1078.63482935	     0.88866171
  1079.13489186	     0.89610686
  1079.63495437	     0.90316697
  1080.13501688	     0.90984088
  1080.63507938	     0.91612782
  1081.13514189	     0.92202727
  1081.63520440	     0.92753894
  1082.13526691	     0.93266268
  1082.63532942	     0.93739842
  1083.13539192	     0.94174616
  1083.63545443	     0.94570587
  1084.13551694	     0.94927747
  1084.63557945	     0.95246080
  1085.13564196	     0.95525557
  1085.63570446	     0.95766138
  1086.13576697	     0.95967766
  1086.63582948	     0.96130374
  1087.13589199	     0.96253884
  1087.63595449	     0.96338219
  1088.13601700	     0.96383304
  1088.63607951	     0.96389084
  1089.13614202	     0.96355538
  1089.63620453	     0.96282695
  1090.13626703	     0.96170653
  1090.63632954	     0.96019605
  1091.13639205	     0.95829863
  1091.63645456	     0.95601880
  1092.13651706	     0.95336281
  1092.63657957	     0.95033888
  1093.13664208	     0.94695743
  1093.63670459	     0.94323132
  1094.13676710	     0.93917606
  1094.63682960	     0.93480999
  1095.13689211	     0.93015433
  1095.63695462	     0.92523330
  1096.13701713	     0.92007413
  1096.63707963	     0.91470693
  1097.13714214	     0.90916461
  1097.63720465	     0.90348267
  1098.13726716	     0.89769890
  1098.63732967	     0.89185308
  1099.13739217	     0.88598653
  1099.63745468	     0.88014173
  1100.13751719	     0.87436172
  1100.63757970	     0.86868968
  1101.13764221	     0.86316828
  1101.63770471	     0.85783916
  1102.13776722	     0.85274238
  1102.63782973	     0.84791584
  1103.13789224	     0.84339477
  1103.63795474	     0.83921130
  1104.13801725	     0.83539397
  1104.63807976	     0.83196743
  1105.13814227	     0.82895216
  1105.63820478	     0.82636421
  1106.13826728	     0.82421512
  1106.63832979	     0.82251187
  1107.13839230	     0.82125691
  1107.63845481	     0.82044830
  1108.13851731	     0.82007987
  1108.63857982	     0.82014153
  1109.13864233	     0.82061956
  1109.63870484	     0.82149699
  1110.13876735	     0.82275401
  1110.63882985	     0.82436843
  1111.13889236	     0.82631613
  1111.63895487	     0.82857151
  1112.13901738	     0.83110799
  1112.63907988	     0.83389839
  1113.13914239	     0.83691544
  1113.63920490	     0.84013210
  1114.13926741	     0.84352193
  1114.63932992	     0.84705942
  1115.13939242	     0.85072024
  1115.63945493	     0.85448140
  1116.13951744	     0.85832149
  1116.63957995	     0.86222070
  1117.13964246	     0.86616094
  1117.63970496	     0.87012577
  1118.13976747	     0.87410043
  1118.63982998	     0.87807170
  1119.13989249	     0.88202780
  1119.63995499	     0.88595824
  1120.14001750	     0.88985366
  1120.64008001	     0.89370559
  1121.14014252	     0.89750628
  1121.64020503	     0.90124851
  1122.14026753	     0.90492533
  1122.64033004	     0.90852990
  1123.14039255	     0.91205529
  1123.64045506	     0.91549434
  1124.14051756	     0.91883948
  1124.64058007	     0.92208266
  1125.14064258	     0.92521523
  1125.64070509	     0.92822796
  1126.14076760	     0.93111098
  1126.64083010	     0.93385384
  1127.14089261	     0.93644561
  1127.64095512	     0.93887495
  1128.14101763	     0.94113028
  1128.64108014	     0.94319998
  1129.14114264	     0.94507256
  1129.64120515	     0.94673696
  1130.14126766	     0.94818276
  1130.64133017	     0.94940050
  1131.14139267	     0.95038189
  1131.64145518	     0.95112018
  1132.14151769	     0.95161039
  1132.64158020	     0.95184957
  1133.14164271	     0.95183707
  1133.64170521	     0.95157471
  1134.14176772	     0.95106701
  1134.64183023	     0.95032132
  1135.14189274	     0.94934785
  1135.64195524	     0.94815978
  1136.14201775	     0.94677323
  1136.64208026	     0.94520712
  1137.14214277	     0.94348312
  1137.64220528	     0.94162540
  1138.14226778	     0.93966037
  1138.64233029	     0.93761638
  1139.14239280	     0.93552337
  1139.64245531	     0.93341243
  1140.14251781	     0.93131538
  1140.64258032	     0.92926424
  1141.14264283	     0.92729081
  1141.64270534	     0.92542606
  1142.14276785	     0.92369971
  1142.64283035	     0.92213967
  1143.14289286	     0.92077161
  1143.64295537	     0.91961847
  1144.14301788	     0.91870012
  1144.64308039	     0.91803294
  1145.14314289	     0.91762963
  1145.64320540	     0.91749893
  1146.14326791	     0.91764551
  1146.64333042	     0.91806991
  1147.14339292	     0.91876852
  1147.64345543	     0.91973375
  1148.14351794	     0.92095414
  1148.64358045	     0.92241460
  1149.14364296	     0.92409677
  1149.64370546	     0.92597933
  1150.14376797	     0.92803845
  1150.64383048	     0.93024821
  1151.14389299	     0.93258113
  1151.64395549	     0.93500861
  1152.14401800	     0.93750148
  1152.64408051	     0.94003049
  1153.14414302	     0.94256680
  1153.64420553	     0.94508243
  1154.14426803	     0.94755071
  1154.64433054	     0.94994667
  1155.14439305	     0.95224741
  1155.64445556	     0.95443235
  1156.14451806	     0.95648352
  1156.64458057	     0.95838577
  1157.14464308	     0.96012682
  1157.64470559	     0.96169744
  1158.14476810	     0.96309141
  1158.64483060	     0.96430553
  1159.14489311	     0.96533952
  1159.64495562	     0.96619591
  1160.14501813	     0.96687989
  1160.64508064	     0.96739910
  1161.14514314	     0.96776339
  1161.64520565	     0.96798459
  1162.14526816	     0.96807622
  1162.64533067	     0.96805322
  1163.14539317	     0.96793159
  1163.64545568	     0.96772817
  1164.14551819	     0.96746023
  1164.64558070	     0.96714525
  1165.14564321	     0.96680054
  1165.64570571	     0.96644303
  1166.14576822	     0.96608893
  1166.64583073	     0.96575348
  1167.14589324	     0.96545074
  1167.64595574	     0.96519334
  1168.14601825	     0.96499231
  1168.64608076	     0.96485690
  1169.14614327	     0.96479441
  1169.64620578	     0.96481015
  1170.14626828	     0.96490728
  1170.64633079	     0.96508678
  1171.14639330	     0.96534742
  1171.64645581	     0.96568577
  1172.14651831	     0.96609617
  1172.64658082	     0.96657084
  1173.14664333	     0.96709986
  1173.64670584	     0.96767136
  1174.14676835	     0.96827152
  1174.64683085	     0.96888476
  1175.14689336	     0.96949386
  1175.64695587	     0.97008009
  1176.14701838	     0.97062342
  1176.64708089	     0.97110264
  1177.14714339	     0.97149561
  1177.64720590	     0.97177944
  1178.14726841	     0.97193071
  1178.64733092	     0.97192570
  1179.14739342	     0.97174066
  1179.64745593	     0.97135208
  1180.14751844	     0.97073692
  1180.64758095	     0.96987301
  1181.14764346	     0.96873926
  1181.64770596	     0.96731608
  1182.14776847	     0.96558568
  1182.64783098	     0.96353244
  1183.14789349	     0.96114330
  1183.64795599	     0.95840809
  1184.14801850	     0.95531994
  1184.64808101	     0.95187558
  1185.14814352	     0.94807574
  1185.64820603	     0.94392540
  1186.14826853	     0.93943407
  1186.64833104	     0.93461602
  1187.14839355	     0.92949043
  1187.64845606	     0.92408144
  1188.14851856	     0.91841818
  1188.64858107	     0.91253467
  1189.14864358	     0.90646961
  1189.64870609	     0.90026611
  1190.14876860	     0.89397128
  1190.64883110	     0.88763570
  1191.14889361	     0.88131284
  1191.64895612	     0.87505832
  1192.14901863	     0.86892913
  1192.64908114	     0.86298270
  1193.14914364	     0.85727603
  1193.64920615	     0.85186462
  1194.14926866	     0.84680149
  1194.64933117	     0.84213617
  1195.14939367	     0.83791365
  1195.64945618	     0.83417345
  1196.14951869	     0.83094871
  1196.64958120	     0.82826536
  1197.14964371	     0.82614145
  1197.64970621	     0.82458652
  1198.14976872	     0.82360124
  1198.64983123	     0.82317705
  1199.14989374	     0.82329614
  1199.64995624	     0.82393145
  1200.15001875	     0.82504697
  1200.65008126	     0.82659812
  1201.15014377	     0.82853237
  1201.65020628	     0.83078998
  1202.15026878	     0.83330490
  1202.65033129	     0.83600581
  1203.15039380	     0.83881729
  1203.65045631	     0.84166100
  1204.15051881	     0.84445705
  1204.65058132	     0.84712533
  1205.15064383	     0.84958689
  1205.65070634	     0.85176532
  1206.15076885	     0.85358811
  1206.65083135	     0.85498794
  1207.15089386	     0.85590393
  1207.65095637	     0.85628274
  1208.15101888	     0.85607961
  1208.65108139	     0.85525928
  1209.15114389	     0.85379667
  1209.65120640	     0.85167753
  1210.15126891	     0.84889878
  1210.65133142	     0.84546883
  1211.15139392	     0.84140752
  1211.65145643	     0.83674607
  1212.15151894	     0.83152666
  1212.65158145	     0.82580196
  1213.15164396	     0.81963443
  1213.65170646	     0.81309539
  1214.15176897	     0.80626404
  1214.65183148	     0.79922623
  1215.15189399	     0.79207318
  1215.65195649	     0.78490009
  1216.15201900	     0.77780460
  1216.65208151	     0.77088527
  1217.15214402	     0.76424001
  1217.65220653	     0.75796452
  1218.15226903	     0.75215072
  1218.65233154	     0.74688533
  1219.15239405	     0.74224846
  1219.65245656	     0.73831235
  1220.15251906	     0.73514026
  1220.65258157	     0.73278555
  1221.15264408	     0.73129085
  1221.65270659	     0.73068759
  1222.15276910	     0.73099555
  1222.65283160	     0.73222279
  1223.15289411	     0.73436572
  1223.65295662	     0.73740933
  1224.15301913	     0.74132776
  1224.65308164	     0.74608488
  1225.15314414	     0.75163520
  1225.65320665	     0.75792480
  1226.15326916	     0.76489245
  1226.65333167	     0.77247078
  1227.15339417	     0.78058757
  1227.65345668	     0.78916698
  1228.15351919	     0.79813091
  1228.65358170	     0.80740018
  1229.15364421	     0.81689586
  1229.65370671	     0.82654032
  1230.15376922	     0.83625836
  1230.65383173	     0.84597812
  1231.15389424	     0.85563194
  1231.65395674	     0.86515703
  1232.15401925	     0.87449608
  1232.65408176	     0.88359763
  1233.15414427	     0.89241640
  1233.65420678	     0.90091343
  1234.15426928	     0.90905611
  1234.65433179	     0.91681810
  1235.15439430	     0.92417916
  1235.65445681	     0.93112484
  1236.15451931	     0.93764616
  1236.65458182	     0.94373917
  1237.15464433	     0.94940449
  1237.65470684	     0.95464683
  1238.15476935	     0.95947447
  1238.65483185	     0.96389873
  1239.15489436	     0.96793344
  1239.65495687	     0.97159445
  1240.15501938	     0.97489915
  1240.65508189	     0.97786600
  1241.15514439	     0.98051413
  1241.65520690	     0.98286291
  1242.15526941	     0.98493168
  1242.65533192	     0.98673938
  1243.15539442	     0.98830434
  1243.65545693	     0.98964403
  1244.15551944	     0.99077492
  1244.65558195	     0.99171228
  1245.15564446	     0.99247017
  1245.65570696	     0.99306126
  1246.15576947	     0.99349686
  1246.65583198	     0.99378689
  1247.15589449	     0.99393984
  1247.65595699	     0.99396285
  1248.15601950	     0.99386170
  1248.65608201	     0.99364088
  1249.15614452	     0.99330365
  1249.65620703	     0.99285210
  1250.15626953	     0.99228722
  1250.65633204	     0.99160901
  1251.15639455	     0.99081651
  1251.65645706	     0.98990794
  1252.15651956	     0.98888077
  1252.65658207	     0.98773178
  1253.15664458	     0.98645724
  1253.65670709	     0.98505292
  1254.15676960	     0.98351424
  1254.65683210	     0.98183639
  1255.15689461	     0.98001441
  1255.65695712	     0.97804331
  1256.15701963	     0.97591824
  1256.65708214	     0.97363452
  1257.15714464	     0.97118787
  1257.65720715	     0.96857445
  1258.15726966	     0.96579101
  1258.65733217	     0.96283504
  1259.15739467	     0.95970481
  1259.65745718	     0.95639951
  1260.15751969	     0.95291930
  1260.65758220	     0.94926539
  1261.15764471	     0.94543999
  1261.65770721	     0.94144640
  1262.15776972	     0.93728886
  1262.65783223	     0.93297249
  1263.15789474	     0.92850315
  1263.65795724	     0.92388724
  1264.15801975	     0.91913139
  1264.65808226	     0.91424221
  1265.15814477	     0.90922589
  1265.65820728	     0.90408777
  1266.15826978	     0.89883187
  1266.65833229	     0.89346038
  1267.15839480	     0.88797312
  1267.65845731	     0.88236693
  1268.15851981	     0.87663515
  1268.65858232	     0.87076700
  1269.15864483	     0.86474705
  1269.65870734	     0.85855473
  1270.15876985	     0.85216391
  1270.65883235	     0.84554251
  1271.15889486	     0.83865227
  1271.65895737	     0.83144867
  1272.15901988	     0.82388094
  1272.65908239	     0.81589222
  1273.15914489	     0.80742003
  1273.65920740	     0.79839673
  1274.15926991	     0.78875038
  1274.65933242	     0.77840565
  1275.15939492	     0.76728502
  1275.65945743	     0.75531016
  1276.15951994	     0.74240346
  1276.65958245	     0.72848973
  1277.15964496	     0.71349814
  1277.65970746	     0.69736409
  1278.15976997	     0.68003135
  1278.65983248	     0.66145409
  1279.15989499	     0.64159899
  1279.65995749	     0.62044728
  1280.16002000	     0.59799665
  1280.66008251	     0.57426302
  1281.16014502	     0.54928213
  1281.66020753	     0.52311083
  1282.16027003	     0.49582809
  1282.66033254	     0.46753565
  1283.16039505	     0.43835825
  1283.66045756	     0.40844353
  1284.16052007	     0.37796135
  1284.66058257	     0.34710275
  1285.16064508	     0.31607839
  1285.66070759	     0.28511653
  1286.16077010	     0.25446057
  1286.66083260	     0.22436619
  1287.16089511	     0.19509803
  1287.66095762	     0.16692618
  1288.16102013	     0.14012223
  1288.66108264	     0.11495529
  1289.16114514	     0.09168779
  1289.66120765	     0.07057123
  1290.16127016	     0.05184210
  1290.66133267	     0.03571783
  1291.16139517	     0.02239303
  1291.66145768	     0.01203600
  1292.16152019	     0.00478576
  1292.66158270	     0.00074938
  1293.16164521	     0.00000000
  1293.66170771	     0.00257533
  1294.16177022	     0.00847685
  1294.66183273	     0.01766960
  1295.16189524	     0.03008262
  1295.66195774	     0.04561010
  1296.16202025	     0.06411301
  1296.66208276	     0.08542148
  1297.16214527	     0.10933752
  1297.66220778	     0.13563832
  1298.16227028	     0.16407988
  1298.66233279	     0.19440095
  1299.16239530	     0.22632710
  1299.66245781	     0.25957504
  1300.16252032	     0.29385684
  1300.66258282	     0.32888410
  1301.16264533	     0.36437205
  1301.66270784	     0.40004327
  1302.16277035	     0.43563128
  1302.66283285	     0.47088360
  1303.16289536	     0.50556457
  1303.66295787	     0.53945760
  1304.16302038	     0.57236704
  1304.66308289	     0.60411956
  1305.16314539	     0.63456506
  1305.66320790	     0.66357716
  1306.16327041	     0.69105321
  1306.66333292	     0.71691399
  1307.16339542	     0.74110296
  1307.66345793	     0.76358530
  1308.16352044	     0.78434662
  1308.66358295	     0.80339147
  1309.16364546	     0.82074169
  1309.66370796	     0.83643471
  1310.16377047	     0.85052162
  1310.66383298	     0.86306539
  1311.16389549	     0.87413899
  1311.66395799	     0.88382357
  1312.16402050	     0.89220671
  1312.66408301	     0.89938077
  1313.16414552	     0.90544137
  1313.66420803	     0.91048587
  1314.16427053	     0.91461214
  1314.66433304	     0.91791736
  1315.16439555	     0.92049694
  1315.66445806	     0.92244362
  1316.16452057	     0.92384667
  1316.66458307	     0.92479120
  1317.16464558	     0.92535760
  1317.66470809	     0.92562106
  1318.16477060	     0.92565124
  1318.66483310	     0.92551196
  1319.16489561	     0.92526102
  1319.66495812	     0.92495012
  1320.16502063	     0.92462478
  1320.66508314	     0.92432441
  1321.16514564	     0.92408238
  1321.66520815	     0.92392618
  1322.16527066	     0.92387763
  1322.66533317	     0.92395310
  1323.16539567	     0.92416386
  1323.66545818	     0.92451633
  1324.16552069	     0.92501251
  1324.66558320	     0.92565031
  1325.16564571	     0.92642396
  1325.66570821	     0.92732443
  1326.16577072	     0.92833981
  1326.66583323	     0.92945575
  1327.16589574	     0.93065585
  1327.66595824	     0.93192203
  1328.16602075	     0.93323489
  1328.66608326	     0.93457407
  1329.16614577	     0.93591856
  1329.66620828	     0.93724697
  1330.16627078	     0.93853778
  1330.66633329	     0.93976959
  1331.16639580	     0.94092130
  1331.66645831	     0.94197225
  1332.16652082	     0.94290243
  1332.66658332	     0.94369255
  1333.16664583	     0.94432416
  1333.66670834	     0.94477978
  1334.16677085	     0.94504296
  1334.66683335	     0.94509841
  1335.16689586	     0.94493208
  1335.66695837	     0.94453124
  1336.16702088	     0.94388465
  1336.66708339	     0.94298266
  1337.16714589	     0.94181733
  1337.66720840	     0.94038261
  1338.16727091	     0.93867448
  1338.66733342	     0.93669113
  1339.16739592	     0.93443313
  1339.66745843	     0.93190356
  1340.16752094	     0.92910821
  1340.66758345	     0.92605571
  1341.16764596	     0.92275763
  1341.66770846	     0.91922857
  1342.16777097	     0.91548622
  1342.66783348	     0.91155139
  1343.16789599	     0.90744792
  1343.66795849	     0.90320262
  1344.16802100	     0.89884512
  1344.66808351	     0.89440765
  1345.16814602	     0.88992477
  1345.66820853	     0.88543306
  1346.16827103	     0.88097073
  1346.66833354	     0.87657718
  1347.16839605	     0.87229254
  1347.66845856	     0.86815718
  1348.16852107	     0.86421111
  1348.66858357	     0.86049349
  1349.16864608	     0.85704205
  1349.66870859	     0.85389252
  1350.16877110	     0.85107812
  1350.66883360	     0.84862902
  1351.16889611	     0.84657193
  1351.66895862	     0.84492959
  1352.16902113	     0.84372051
  1352.66908364	     0.84295860
  1353.16914614	     0.84265301
  1353.66920865	     0.84280792
  1354.16927116	     0.84342255
  1354.66933367	     0.84449114
  1355.16939617	     0.84600304
  1355.66945868	     0.84794291
  1356.16952119	     0.85029096
  1356.66958370	     0.85302327
  1357.16964621	     0.85611215
  1357.66970871	     0.85952661
  1358.16977122	     0.86323276
  1358.66983373	     0.86719441
  1359.16989624	     0.87137349
  1359.66995874	     0.87573068
  1360.17002125	     0.88022590
  1360.67008376	     0.88481885
  1361.17014627	     0.88946955
  1361.67020878	     0.89413880
  1362.17027128	     0.89878868
  1362.67033379	     0.90338296
  1363.17039630	     0.90788747
  1363.67045881	     0.91227044
  1364.17052132	     0.91650281
  1364.67058382	     0.92055841
  1365.17064633	     0.92441420
  1365.67070884	     0.92805035
  1366.17077135	     0.93145035
  1366.67083385	     0.93460104
  1367.17089636	     0.93749254
  1367.67095887	     0.94011826
  1368.17102138	     0.94247476
  1368.67108389	     0.94456165
  1369.17114639	     0.94638138
  1369.67120890	     0.94793910
  1370.17127141	     0.94924243
  1370.67133392	     0.95030125
  1371.17139642	     0.95112746
  1371.67145893	     0.95173473
  1372.17152144	     0.95213828
  1372.67158395	     0.95235461
  1373.17164646	     0.95240129
  1373.67170896	     0.95229667
  1374.17177147	     0.95205972
  1374.67183398	     0.95170975
  1375.17189649	     0.95126624
  1375.67195899	     0.95074861
  1376.17202150	     0.95017603
  1376.67208401	     0.94956729
  1377.17214652	     0.94894056
  1377.67220903	     0.94831330
  1378.17227153	     0.94770205
  1378.67233404	     0.94712238
  1379.17239655	     0.94658870
  1379.67245906	     0.94611418
  1380.17252157	     0.94571065
  1380.67258407	     0.94538852
  1381.17264658	     0.94515671
  1381.67270909	     0.94502260
  1382.17277160	     0.94499197
  1382.67283410	     0.94506903
  1383.17289661	     0.94525634
  1383.67295912	     0.94555491
  1384.17302163	     0.94596414
  1384.67308414	     0.94648198
  1385.17314664	     0.94710490
  1385.67320915	     0.94782807
  1386.17327166	     0.94864540
  1386.67333417	     0.94954972
  1387.17339667	     0.95053290
  1387.67345918	     0.95158600
  1388.17352169	     0.95269946
  1388.67358420	     0.95386325
  1389.17364671	     0.95506709
  1389.67370921	     0.95630057
  1390.17377172	     0.95755336
  1390.67383423	     0.95881541
  1391.17389674	     0.96007703
  1391.67395924	     0.96132911
  1392.17402175	     0.96256321
  1392.67408426	     0.96377168
  1393.17414677	     0.96494774
  1393.67420928	     0.96608555
  1394.17427178	     0.96718025
  1394.67433429	     0.96822797
  1395.17439680	     0.96922585
  1395.67445931	     0.97017197
  1396.17452182	     0.97106534
  1396.67458432	     0.97190582
  1397.17464683	     0.97269403
  1397.67470934	     0.97343127
  1398.17477185	     0.97411942
  1398.67483435	     0.97476083
  1399.17489686	     0.97535821
  1399.67495937	     0.97591452
  1400.17502188	     0.97643288
  1400.67508439	     0.97691645
  1401.17514689	     0.97736839
  1401.67520940	     0.97779173
  1402.17527191	     0.97818934
  1402.67533442	     0.97856389
  1403.17539692	     0.97891779
  1403.67545943	     0.97925318
  1404.17552194	     0.97957193
  1404.67558445	     0.97987566
  1405.17564696	     0.98016572
  1405.67570946	     0.98044323
  1406.17577197	     0.98070916
  1406.67583448	     0.98096429
  1407.17589699	     0.98120931
  1407.67595949	     0.98144488
  1408.17602200	     0.98167161
  1408.67608451	     0.98189016
  1409.17614702	     0.98210124
  1409.67620953	     0.98230570
  1410.17627203	     0.98250448
  1410.67633454	     0.98269867
  1411.17639705	     0.98288954
  1411.67645956	     0.98307849
  1412.17652207	     0.98326707
  1412.67658457	     0.98345698
  1413.17664708	     0.98365000
  1413.67670959	     0.98384800
  1414.17677210	     0.98405291
  1414.67683460	     0.98426661
  1415.17689711	     0.98449099
  1415.67695962	     0.98472780
  1416.17702213	     0.98497869
  1416.67708464	     0.98524512
  1417.17714714	     0.98552832
  1417.67720965	     0.98582927
  1418.17727216	     0.98614866
  1418.67733467	     0.98648689
  1419.17739717	     0.98684401
  1419.67745968	     0.98721974
  1420.17752219	     0.98761345
  1420.67758470	     0.98802421
  1421.17764721	     0.98845073
  1421.67770971	     0.98889146
  1422.17777222	     0.98934457
  1422.67783473	     0.98980797
  1423.17789724	     0.99027940
  1423.67795974	     0.99075642
  1424.17802225	     0.99123650
  1424.67808476	     0.99171699
  1425.17814727	     0.99219523
  1425.67820978	     0.99266856
  1426.17827228	     0.99313436
  1426.67833479	     0.99359008
  1427.17839730	     0.99403325
  1427.67845981	     0.99446153
  1428.17852232	     0.99487272
  1428.67858482	     0.99526475
  1429.17864733	     0.99563568
  1429.67870984	     0.99598371
  1430.17877235	     0.99630718
  1430.67883485	     0.99660451
  1431.17889736	     0.99687423
  1431.67895987	     0.99711489
  1432.17902238	     0.99732509
  1432.67908489	     0.99750342
  1433.17914739	     0.99764842
  1433.67920990	     0.99775856
  1434.17927241	     0.99783219
  1434.67933492	     0.99786753
  1435.17939742	     0.99786263
  1435.67945993	     0.99781535
  1436.17952244	     0.99772334
  1436.67958495	     0.99758406
  1437.17964746	     0.99739473
  1437.67970996	     0.99715238
  1438.17977247	     0.99685387
  1438.67983498	     0.99649591
  1439.17989749	     0.99607510
  1439.67996000	     0.99558800
  1440.18002250	     0.99503118
  1440.68008501	     0.99440131
  1441.18014752	     0.99369526
  1441.68021003	     0.99291018
  1442.18027253	     0.99204360
  1442.68033504	     0.99109355
  1443.18039755	     0.99005871
  1443.68046006	     0.98893845
  1444.18052257	     0.98773301
  1444.68058507	     0.98644359
  1445.18064758	     0.98507244
  1445.68071009	     0.98362294
  1446.18077260	     0.98209969
  1446.68083510	     0.98050858
  1447.18089761	     0.97885677
  1447.68096012	     0.97715275
  1448.18102263	     0.97540626
  1448.68108514	     0.97362832
  1449.18114764	     0.97183105
  1449.68121015	     0.97002764
  1450.18127266	     0.96823219
  1450.68133517	     0.96645949
  1451.18139767	     0.96472490
  1451.68146018	     0.96304407
  1452.18152269	     0.96143272
  1452.68158520	     0.95990640
  1453.18164771	     0.95848021
  1453.68171021	     0.95716853
  1454.18177272	     0.95598477
  1454.68183523	     0.95494110
  1455.18189774	     0.95404821
  1455.68196025	     0.95331511
  1456.18202275	     0.95274892
  1456.68208526	     0.95235471
  1457.18214777	     0.95213540
  1457.68221028	     0.95209163
  1458.18227278	     0.95222179
  1458.68233529	     0.95252195
  1459.18239780	     0.95298597
  1459.68246031	     0.95360556
  1460.18252282	     0.95437039
  1460.68258532	     0.95526833
  1461.18264783	     0.95628560
  1461.68271034	     0.95740700
  1462.18277285	     0.95861621
  1462.68283535	     0.95989602
  1463.18289786	     0.96122865
  1463.68296037	     0.96259603
  1464.18302288	     0.96398007
  1464.68308539	     0.96536297
  1465.18314789	     0.96672746
  1465.68321040	     0.96805707
  1466.18327291	     0.96933634
  1466.68333542	     0.97055099
  1467.18339792	     0.97168812
  1467.68346043	     0.97273629
  1468.18352294	     0.97368566
  1468.68358545	     0.97452797
  1469.18364796	     0.97525660
  1469.68371046	     0.97586651
  1470.18377297	     0.97635419
  1470.68383548	     0.97671754
  1471.18389799	     0.97695574
  1471.68396050	     0.97706907
  1472.18402300	     0.97705873
  1472.68408551	     0.97692660
  1473.18414802	     0.97667503
  1473.68421053	     0.97630655
  1474.18427303	     0.97582365
  1474.68433554	     0.97522850
  1475.18439805	     0.97452268
  1475.68446056	     0.97370695
  1476.18452307	     0.97278101
  1476.68458557	     0.97174327
  1477.18464808	     0.97059069
  1477.68471059	     0.96931862
  1478.18477310	     0.96792065
  1478.68483560	     0.96638861
  1479.18489811	     0.96471248
  1479.68496062	     0.96288046
  1480.18502313	     0.96087905
  1480.68508564	     0.95869317
  1481.18514814	     0.95630641
  1481.68521065	     0.95370123
  1482.18527316	     0.95085931
  1482.68533567	     0.94776192
  1483.18539817	     0.94439032
  1483.68546068	     0.94072624
  1484.18552319	     0.93675235
  1484.68558570	     0.93245278
  1485.18564821	     0.92781371
  1485.68571071	     0.92282382
  1486.18577322	     0.91747491
  1486.68583573	     0.91176237
  1487.18589824	     0.90568568
  1487.68596075	     0.89924883
  1488.18602325	     0.89246073
  1488.68608576	     0.88533549
  1489.18614827	     0.87789267
  1489.68621078	     0.87015739
  1490.18627328	     0.86216042
  1490.68633579	     0.85393805
  1491.18639830	     0.84553194
  1491.68646081	     0.83698887
  1492.18652332	     0.82836027
  1492.68658582	     0.81970177
  1493.18664833	     0.81107261
  1493.68671084	     0.80253490
  1494.18677335	     0.79415290
  1494.68683585	     0.78599215
  1495.18689836	     0.77811863
  1495.68696087	     0.77059781
  1496.18702338	     0.76349375
  1496.68708589	     0.75686819
  1497.18714839	     0.75077963
  1497.68721090	     0.74528248
  1498.18727341	     0.74042631
  1498.68733592	     0.73625511
  1499.18739842	     0.73280666
  1499.68746093	     0.73011203
  1500.18752344	     0.72819518
  1500.68758595	     0.72707266
  1501.18764846	     0.72675344
  1501.68771096	     0.72723889
  1502.18777347	     0.72852286
  1502.68783598	     0.73059187
  1503.18789849	     0.73342540
  1503.68796100	     0.73699635
  1504.18802350	     0.74127147
  1504.68808601	     0.74621199
  1505.18814852	     0.75177423
  1505.68821103	     0.75791027
  1506.18827353	     0.76456868
  1506.68833604	     0.77169528
  1507.18839855	     0.77923381
  1507.68846106	     0.78712672
  1508.18852357	     0.79531587
  1508.68858607	     0.80374318
  1509.18864858	     0.81235128
  1509.68871109	     0.82108411
  1510.18877360	     0.82988745
  1510.68883610	     0.83870940
  1511.18889861	     0.84750077
  1511.68896112	     0.85621544
  1512.18902363	     0.86481066
  1512.68908614	     0.87324725
  1513.18914864	     0.88148978
  1513.68921115	     0.88950663
  1514.18927366	     0.89727007
  1514.68933617	     0.90475622
  1515.18939867	     0.91194501
  1515.68946118	     0.91882005
  1516.18952369	     0.92536848
  1516.68958620	     0.93158082
  1517.18964871	     0.93745070
  1517.68971121	     0.94297464
  1518.18977372	     0.94815179
  1518.68983623	     0.95298361
  1519.18989874	     0.95747356
  1519.68996125	     0.96162683
  1520.19002375	     0.96544993
  1520.69008626	     0.96895039
  1521.19014877	     0.97213642
  1521.69021128	     0.97501657
  1522.19027378	     0.97759932
  1522.69033629	     0.97989282
  1523.19039880	     0.98190452
  1523.69046131	     0.98364079
  1524.19052382	     0.98510669
  1524.69058632	     0.98630559
  1525.19064883	     0.98723892
  1525.69071134	     0.98790589
  1526.19077385	     0.98830322
  1526.69083635	     0.98842498
  1527.19089886	     0.98826235
  1527.69096137	     0.98780350
  1528.19102388	     0.98703351
  1528.69108639	     0.98593428
  1529.19114889	     0.98448458
  1529.69121140	     0.98266013
  1530.19127391	     0.98043371
  1530.69133642	     0.97777544
  1531.19139892	     0.97465306
  1531.69146143	     0.97103236
  1532.19152394	     0.96687765
  1532.69158645	     0.96215239
  1533.19164896	     0.95681987
  1533.69171146	     0.95084398
  1534.19177397	     0.94419013
  1534.69183648	     0.93682614
  1535.19189899	     0.92872331
  1535.69196150	     0.91985749
  1536.19202400	     0.91021018
  1536.69208651	     0.89976963
  1537.19214902	     0.88853199
  1537.69221153	     0.87650235
  1538.19227403	     0.86369574
  1538.69233654	     0.85013799
  1539.19239905	     0.83586653
  1539.69246156	     0.82093094
  1540.19252407	     0.80539335
  1540.69258657	     0.78932862
  1541.19264908	     0.77282422
  1541.69271159	     0.75597989
  1542.19277410	     0.73890702
  1542.69283660	     0.72172770
  1543.19289911	     0.70457356
  1543.69296162	     0.68758423
  1544.19302413	     0.67090564
  1544.69308664	     0.65468805
  1545.19314914	     0.63908386
  1545.69321165	     0.62424531
  1546.19327416	     0.61032204
  1546.69333667	     0.59745860
  1547.19339917	     0.58579200
  1547.69346168	     0.57544926
  1548.19352419	     0.56654511
  1548.69358670	     0.55917993
  1549.19364921	     0.55343780
  1549.69371171	     0.54938495
  1550.19377422	     0.54706846
  1550.69383673	     0.54651539
  1551.19389924	     0.54773220
  1551.69396175	     0.55070468
  1552.19402425	     0.55539817
  1552.69408676	     0.56175829
  1553.19414927	     0.56971194
  1553.69421178	     0.57916874
  1554.19427428	     0.59002271
  1554.69433679	     0.60215425
  1555.19439930	     0.61543234
  1555.69446181	     0.62971688
  1556.19452432	     0.64486115
  1556.69458682	     0.66071430
  1557.19464933	     0.67712379
  1557.69471184	     0.69393782
  1558.19477435	     0.71100763
  1558.69483685	     0.72818950
  1559.19489936	     0.74534678
  1559.69496187	     0.76235140
  1560.19502438	     0.77908538
  1560.69508689	     0.79544185
  1561.19514939	     0.81132592
  1561.69521190	     0.82665519
  1562.19527441	     0.84136003
  1562.69533692	     0.85538359
  1563.19539942	     0.86868154
  1563.69546193	     0.88122166
  1564.19552444	     0.89298316
  1564.69558695	     0.90395595
  1565.19564946	     0.91413968
  1565.69571196	     0.92354277
  1566.19577447	     0.93218136
  1566.69583698	     0.94007822
  1567.19589949	     0.94726167
  1567.69596200	     0.95376448
  1568.19602450	     0.95962291
  1568.69608701	     0.96487570
  1569.19614952	     0.96956322
  1569.69621203	     0.97372662
  1570.19627453	     0.97740715
  1570.69633704	     0.98064552
  1571.19639955	     0.98348140
  1571.69646206	     0.98595292
  1572.19652457	     0.98809639
  1572.69658707	     0.98994599
  1573.19664958	     0.99153358
  1573.69671209	     0.99288857
  1574.19677460	     0.99403786
  1574.69683710	     0.99500582
  1575.19689961	     0.99581432
  1575.69696212	     0.99648274
  1576.19702463	     0.99702814
  1576.69708714	     0.99746526
  1577.19714964	     0.99780672
  1577.69721215	     0.99806309
  1578.19727466	     0.99824308
  1578.69733717	     0.99835359
  1579.19739967	     0.99839991
  1579.69746218	     0.99838583
  1580.19752469	     0.99831373
  1580.69758720	     0.99818476
  1581.19764971	     0.99799890
  1581.69771221	     0.99775512
  1582.19777472	     0.99745145
  1582.69783723	     0.99708512
  1583.19789974	     0.99665269
  1583.69796225	     0.99615012
  1584.19802475	     0.99557292
  1584.69808726	     0.99491627
  1585.19814977	     0.99417516
  1585.69821228	     0.99334450
  1586.19827478	     0.99241930
  1586.69833729	     0.99139483
  1587.19839980	     0.99026673
  1587.69846231	     0.98903121
  1588.19852482	     0.98768522
  1588.69858732	     0.98622661
  1589.19864983	     0.98465430
  1589.69871234	     0.98296843
  1590.19877485	     0.98117050
  1590.69883735	     0.97926355
  1591.19889986	     0.97725223
  1591.69896237	     0.97514291
  1592.19902488	     0.97294376
  1592.69908739	     0.97066476
  1593.19914989	     0.96831772
  1593.69921240	     0.96591626
  1594.19927491	     0.96347567
  1594.69933742	     0.96101288
  1595.19939993	     0.95854622
  1595.69946243	     0.95609528
  1596.19952494	     0.95368063
  1596.69958745	     0.95132358
  1597.19964996	     0.94904585
  1597.69971246	     0.94686928
  1598.19977497	     0.94481542
  1598.69983748	     0.94290523
  1599.19989999	     0.94115869
  1599.69996250	     0.93959445
  1600.20002500	     0.93822949
  1600.70008751	     0.93707878
  1601.20015002	     0.93615502
  1601.70021253	     0.93546835
  1602.20027503	     0.93502616
  1602.70033754	     0.93483292
  1603.20040005	     0.93489006
  1603.70046256	     0.93519595
  1604.20052507	     0.93574584
  1604.70058757	     0.93653200
  1605.20065008	     0.93754374
  1605.70071259	     0.93876765
  1606.20077510	     0.94018778
  1606.70083760	     0.94178589
  1607.20090011	     0.94354172
  1607.70096262	     0.94543333
  1608.20102513	     0.94743743
  1608.70108764	     0.94952971
  1609.20115014	     0.95168519
  1609.70121265	     0.95387855
  1610.20127516	     0.95608452
  1610.70133767	     0.95827813
  1611.20140018	     0.96043504
  1611.70146268	     0.96253183
  1612.20152519	     0.96454621
  1612.70158770	     0.96645729
  1613.20165021	     0.96824569
  1613.70171271	     0.96989377
  1614.20177522	     0.97138575
  1614.70183773	     0.97270775
  1615.20190024	     0.97384796
  1615.70196275	     0.97479663
  1616.20202525	     0.97554613
  1616.70208776	     0.97609099
  1617.20215027	     0.97642787
  1617.70221278	     0.97655559
  1618.20227528	     0.97647508
  1618.70233779	     0.97618941
  1619.20240030	     0.97570368
  1619.70246281	     0.97502505
  1620.20252532	     0.97416266
  1620.70258782	     0.97312752
  1621.20265033	     0.97193252
  1621.70271284	     0.97059226
  1622.20277535	     0.96912298
  1622.70283785	     0.96754241
  1623.20290036	     0.96586966
  1623.70296287	     0.96412498
  1624.20302538	     0.96232963
  1624.70308789	     0.96050563
  1625.20315039	     0.95867552
  1625.70321290	     0.95686215
  1626.20327541	     0.95508831
  1626.70333792	     0.95337656
  1627.20340043	     0.95174883
  1627.70346293	     0.95022617
  1628.20352544	     0.94882846
  1628.70358795	     0.94757408
  1629.20365046	     0.94647967
  1629.70371296	     0.94555983
  1630.20377547	     0.94482691
  1630.70383798	     0.94429084
  1631.20390049	     0.94395889
  1631.70396300	     0.94383561
  1632.20402550	     0.94392268
  1632.70408801	     0.94421894
  1633.20415052	     0.94472031
  1633.70421303	     0.94541992
  1634.20427553	     0.94630809
  1634.70433804	     0.94737252
  1635.20440055	     0.94859842
  1635.70446306	     0.94996864
  1636.20452557	     0.95146393
  1636.70458807	     0.95306307
  1637.20465058	     0.95474314
  1637.70471309	     0.95647966
  1638.20477560	     0.95824684
  1638.70483810	     0.96001773
  1639.20490061	     0.96176439
  1639.70496312	     0.96345803
  1640.20502563	     0.96506913
  1640.70508814	     0.96656751
  1641.20515064	     0.96792242
  1641.70521315	     0.96910256
  1642.20527566	     0.97007612
  1642.70533817	     0.97081076
  1643.20540068	     0.97127369
  1643.70546318	     0.97143161
  1644.20552569	     0.97125075
  1644.70558820	     0.97069697
  1645.20565071	     0.96973578
  1645.70571321	     0.96833252
  1646.20577572	     0.96645252
  1646.70583823	     0.96406135
  1647.20590074	     0.96112517
  1647.70596325	     0.95761108
  1648.20602575	     0.95348763
  1648.70608826	     0.94872537
  1649.20615077	     0.94329749
  1649.70621328	     0.93718048
  1650.20627578	     0.93035496
  1650.70633829	     0.92280644
  1651.20640080	     0.91452616
  1651.70646331	     0.90551199
  1652.20652582	     0.89576920
  1652.70658832	     0.88531132
  1653.20665083	     0.87416081
  1653.70671334	     0.86234975
  1654.20677585	     0.84992036
  1654.70683835	     0.83692531
  1655.20690086	     0.82342798
  1655.70696337	     0.80950239
  1656.20702588	     0.79523304
  1656.70708839	     0.78071440
  1657.20715089	     0.76605024
  1657.70721340	     0.75135270
  1658.20727591	     0.73674110
  1658.70733842	     0.72234052
  1659.20740093	     0.70828025
  1659.70746343	     0.69469193
  1660.20752594	     0.68170768
  1660.70758845	     0.66945802
  1661.20765096	     0.65806978
  1661.70771346	     0.64766395
  1662.20777597	     0.63835363
  1662.70783848	     0.63024201
  1663.20790099	     0.62342048
  1663.70796350	     0.61796697
  1664.20802600	     0.61394450
  1664.70808851	     0.61139994
  1665.20815102	     0.61036318
  1665.70821353	     0.61084652
  1666.20827603	     0.61284444
  1666.70833854	     0.61633376
  1667.20840105	     0.62127401
  1667.70846356	     0.62760830
  1668.20852607	     0.63526439
  1668.70858857	     0.64415604
  1669.20865108	     0.65418466
  1669.70871359	     0.66524112
  1670.20877610	     0.67720772
  1670.70883860	     0.68996028
  1671.20890111	     0.70337027
  1671.70896362	     0.71730693
  1672.20902613	     0.73163938
  1672.70908864	     0.74623861
  1673.20915114	     0.76097935
  1673.70921365	     0.77574175
  1674.20927616	     0.79041289
  1674.70933867	     0.80488808
  1675.20940118	     0.81907184
  1675.70946368	     0.83287876
  1676.20952619	     0.84623403
  1676.70958870	     0.85907373
  1677.20965121	     0.87134497
  1677.70971371	     0.88300570
  1678.20977622	     0.89402443
  1678.70983873	     0.90437974
  1679.20990124	     0.91405963
  1679.70996375	     0.92306081
  1680.21002625	     0.93138784
  1680.71008876	     0.93905224
  1681.21015127	     0.94607161
  1681.71021378	     0.95246863
  1682.21027628	     0.95827020
  1682.71033879	     0.96350651
  1683.21040130	     0.96821022
  1683.71046381	     0.97241564
  1684.21052632	     0.97615808
  1684.71058882	     0.97947313
  1685.21065133	     0.98239616
  1685.71071384	     0.98496182
  1686.21077635	     0.98720365
  1686.71083885	     0.98915374
  1687.21090136	     0.99084250
  1687.71096387	     0.99229846
  1688.21102638	     0.99354820
  1688.71108889	     0.99461622
  1689.21115139	     0.99552496
  1689.71121390	     0.99629482
  1690.21127641	     0.99694420
  1690.71133892	     0.99748959
  1691.21140143	     0.99794569
  1691.71146393	     0.99832548
  1692.21152644	     0.99864037
  1692.71158895	     0.99890036
  1693.21165146	     0.99911410
  1693.71171396	     0.99928908
  1694.21177647	     0.99943172
  1694.71183898	     0.99954751
  1695.21190149	     0.99964112
  1695.71196400	     0.99971647
  1696.21202650	     0.99977687
  1696.71208901	     0.99982509
  1697.21215152	     0.99986342
  1697.71221403	     0.99989377
  1698.21227653	     0.99991770
  1698.71233904	     0.99993649
  1699.21240155	     0.99995118
  1699.71246406	     0.99996261
  1700.21252657	     0.99997148
  1700.71258907	     0.99997833
  1701.21265158	     0.99998360
  1701.71271409	     0.99998764
  1702.21277660	     0.99999072
  1702.71283910	     0.99999306
  1703.21290161	     0.99999483
  1703.71296412	     0.99999616
  1704.21302663	     0.99999716
  1704.71308914	     0.99999791
  1705.21315164	     0.99999847
  1705.71321415	     0.99999888
  1706.21327666	     0.99999918
  1706.71333917	     0.99999941
  1707.21340168	     0.99999957
  1707.71346418	     0.99999969
  1708.21352669	     0.99999978
  1708.71358920	     0.99999984
  1709.21365171	     0.99999989
  1709.71371421	     0.99999992
  1710.21377672	     0.99999994
  1710.71383923	     0.99999996
  1711.21390174	     0.99999997
  1711.71396425	     0.99999998
  1712.21402675	     0.99999999
  1712.71408926	     0.99999999
  1713.21415177	     0.99999999
  1713.71421428	     1.00000000
  1714.21427678	     1.00000000
  1714.71433929	     1.00000000
  1715.21440180	     1.00000000
  1715.71446431	     1.00000000
  1716.21452682	     1.00000000
  1716.71458932	     1.00000000
  1717.21465183	     1.00000000
  1717.71471434	     1.00000000
  1718.21477685	     1.00000000
  1718.71483935	     1.00000000
  1719.21490186	     1.00000000
  1719.71496437	     1.00000000
  1720.21502688	     1.00000000
  1720.71508939	     1.00000000
  1721.21515189	     1.00000000
  1721.71521440	     1.00000000
  1722.21527691	     1.00000000
  1722.71533942	     1.00000000
  1723.21540193	     1.00000000
  1723.71546443	     1.00000000
  1724.21552694	     1.00000000
  1724.71558945	     1.00000000
  1725.21565196	     1.00000000
  1725.71571446	     1.00000000
  1726.21577697	     1.00000000
  1726.71583948	     1.00000000
  1727.21590199	     1.00000000
  1727.71596450	     1.00000000
  1728.21602700	     1.00000000
  1728.71608951	     1.00000000
  1729.21615202	     1.00000000
  1729.71621453	     1.00000000
  1730.21627703	     1.00000000
  1730.71633954	     1.00000000
  1731.21640205	     1.00000000
  1731.71646456	     1.00000000
  1732.21652707	     1.00000000
  1732.71658957	     1.00000000
  1733.21665208	     1.00000000
  1733.71671459	     1.00000000
  1734.21677710	     1.00000000
  1734.71683960	     1.00000000
  1735.21690211	     1.00000000
  1735.71696462	     1.00000000
  1736.21702713	     1.00000000
  1736.71708964	     1.00000000
  1737.21715214	     1.00000000
  1737.71721465	     1.00000000
  1738.21727716	     1.00000000
  1738.71733967	     1.00000000
  1739.21740218	     1.00000000
  1739.71746468	     1.00000000
  1740.21752719	     1.00000000
  1740.71758970	     1.00000000
  1741.21765221	     1.00000000
  1741.71771471	     1.00000000
  1742.21777722	     1.00000000
  1742.71783973	     1.00000000
  1743.21790224	     1.00000000
  1743.71796475	     1.00000000
  1744.21802725	     1.00000000
  1744.71808976	     1.00000000
  1745.21815227	     1.00000000
  1745.71821478	     1.00000000
  1746.21827728	     1.00000000
  1746.71833979	     1.00000000
  1747.21840230	     1.00000000
  1747.71846481	     1.00000000
  1748.21852732	     1.00000000
  1748.71858982	     1.00000000
  1749.21865233	     1.00000000
  1749.71871484	     1.00000000
  1750.21877735	     1.00000000
