   950.11876485	     0.95353449
   950.61882735	     0.95525330
   951.11888986	     0.95702214
   951.61895237	     0.95883148
   952.11901488	     0.96067109
   952.61907738	     0.96253022
   953.11913989	     0.96439781
   953.61920240	     0.96626263
   954.11926491	     0.96811349
   954.61932742	     0.96993941
   955.11938992	     0.97172978
   955.61945243	     0.97347449
   956.11951494	     0.97516411
   956.61957745	     0.97678992
   957.11963996	     0.97834409
   957.61970246	     0.97981969
   958.11976497	     0.98121076
   958.61982748	     0.98251231
   959.11988999	     0.98372039
   959.61995249	     0.98483200
   960.12001500	     0.98584512
   960.62007751	     0.98675866
   961.12014002	     0.98757236
   961.62020252	     0.98828681
   962.12026503	     0.98890328
   962.62032754	     0.98942371
   963.12039005	     0.98985062
   963.62045256	     0.99018699
   964.12051506	     0.99043620
   964.62057757	     0.99060196
   965.12064008	     0.99068817
   965.62070259	     0.99069892
   966.12076510	     0.99063832
   966.62082760	     0.99051050
   967.12089011	     0.99031951
   967.62095262	     0.99006923
   968.12101513	     0.98976336
   968.62107764	     0.98940531
   969.12114014	     0.98899818
   969.62120265	     0.98854471
   970.12126516	     0.98804721
   970.62132767	     0.98750759
   971.12139017	     0.98692728
   971.62145268	     0.98630722
   972.12151519	     0.98564788
   972.62157770	     0.98494925
   973.12164020	     0.98421084
   973.62170271	     0.98343172
   974.12176522	     0.98261056
   974.62182773	     0.98174566
   975.12189024	     0.98083503
   975.62195274	     0.97987647
   976.12201525	     0.97886762
   976.62207776	     0.97780608
   977.12214027	     0.97668953
   977.62220278	     0.97551580
   978.12226528	     0.97428301
   978.62232779	     0.97298968
   979.12239030	     0.97163487
   979.62245281	     0.97021827
   980.12251531	     0.96874032
   980.62257782	     0.96720231
   981.12264033	     0.96560647
   981.62270284	     0.96395608
   982.12276535	     0.96225544
   982.62282785	     0.96051000
   983.12289036	     0.95872633
   983.62295287	     0.95691212
   984.12301538	     0.95507614
   984.62307789	     0.95322818
   985.12314039	     0.95137900
   985.62320290	     0.94954018
   986.12326541	     0.94772399
   986.62332792	     0.94594327
   987.12339042	     0.94421125
   987.62345293	     0.94254134
   988.12351544	     0.94094692
   988.62357795	     0.93944120
   989.12364045	     0.93803692
   989.62370296	     0.93674618
   990.12376547	     0.93558023
   990.62382798	     0.93454922
   991.12389049	     0.93366206
   991.62395299	     0.93292619
   992.12401550	     0.93234742
   992.62407801	     0.93192978
   993.12414052	     0.93167541
   993.62420303	     0.93158443
   994.12426553	     0.93165487
   994.62432804	     0.93188259
   995.12439055	     0.93226130
   995.62445306	     0.93278248
   996.12451556	     0.93343546
   996.62457807	     0.93420746
   997.12464058	     0.93508360
   997.62470309	     0.93604706
   998.12476560	     0.93707918
   998.62482810	     0.93815956
   999.12489061	     0.93926626
   999.62495312	     0.94037595
  1000.12501563	     0.94146413
  1000.62507813	     0.94250531
  1001.12514064	     0.94347329
  1001.62520315	     0.94434136
  1002.12526566	     0.94508260
  1002.62532817	     0.94567013
  1003.12539067	     0.94607742
  1003.62545318	     0.94627859
  1004.12551569	     0.94624872
  1004.62557820	     0.94596415
  1005.12564071	     0.94540286
  1005.62570321	     0.94454474
  1006.12576572	     0.94337195
  1006.62582823	     0.94186922
  1007.12589074	     0.94002417
  1007.62595324	     0.93782761
  1008.12601575	     0.93527380
  1008.62607826	     0.93236069
  1009.12614077	     0.92909017
  1009.62620328	     0.92546818
  1010.12626578	     0.92150491
  1010.62632829	     0.91721480
  1011.12639080	     0.91261663
  1011.62645331	     0.90773345
  1012.12651581	     0.90259245
  1012.62657832	     0.89722484
  1013.12664083	     0.89166557
  1013.62670334	     0.88595303
  1014.12676585	     0.88012871
  1014.62682835	     0.87423670
  1015.12689086	     0.86832322
  1015.62695337	     0.86243610
  1016.12701588	     0.85662412
  1016.62707838	     0.85093643
  1017.12714089	     0.84542185
  1017.62720340	     0.84012822
  1018.12726591	     0.83510170
  1018.62732842	     0.83038610
  1019.12739092	     0.82602225
  1019.62745343	     0.82204735
  1020.12751594	     0.81849445
  1020.62757845	     0.81539186
  1021.12764096	     0.81276279
  1021.62770346	     0.81062494
  1022.12776597	     0.80899020
  1022.62782848	     0.80786451
  1023.12789099	     0.80724774
  1023.62795349	     0.80713367
  1024.12801600	     0.80751016
  1024.62807851	     0.80835926
  1025.12814102	     0.80965760
  1025.62820353	     0.81137670
  1026.12826603	     0.81348343
  1026.62832854	     0.81594061
  1027.12839105	     0.81870750
  1027.62845356	     0.82174055
  1028.12851606	     0.82499397
  1028.62857857	     0.82842049
  1029.12864108	     0.83197208
  1029.62870359	     0.83560058
  1030.12876610	     0.83925845
  1030.62882860	     0.84289939
  1031.12889111	     0.84647896
  1031.62895362	     0.84995509
  1032.12901613	     0.85328862
  1032.62907863	     0.85644365
  1033.12914114	     0.85938791
  1033.62920365	     0.86209294
  1034.12926616	     0.86453431
  1034.62932867	     0.86669158
  1035.12939117	     0.86854832
  1035.62945368	     0.87009196
  1036.12951619	     0.87131357
  1036.62957870	     0.87220755
  1037.12964121	     0.87277129
  1037.62970371	     0.87300469
  1038.12976622	     0.87290978
  1038.62982873	     0.87249012
  1039.12989124	     0.87175031
  1039.62995374	     0.87069549
  1040.13001625	     0.86933076
  1040.63007876	     0.86766072
  1041.13014127	     0.86568905
  1041.63020378	     0.86341804
  1042.13026628	     0.86084835
  1042.63032879	     0.85797871
  1043.13039130	     0.85480580
  1043.63045381	     0.85132418
  1044.13051631	     0.84752638
  1044.63057882	     0.84340300
  1045.13064133	     0.83894306
  1045.63070384	     0.83413429
  1046.13076635	     0.82896364
  1046.63082885	     0.82341782
  1047.13089136	     0.81748394
  1047.63095387	     0.81115016
  1048.13101638	     0.80440642
  1048.63107888	     0.79724522
  1049.13114139	     0.78966229
  1049.63120390	     0.78165739
  1050.13126641	     0.77323492
  1050.63132892	     0.76440457
  1051.13139142	     0.75518184
  1051.63145393	     0.74558844
  1052.13151644	     0.73565264
  1052.63157895	     0.72540939
  1053.13164146	     0.71490037
  1053.63170396	     0.70417387
  1054.13176647	     0.69328452
  1054.63182898	     0.68229287
  1055.13189149	     0.67126478
  1055.63195399	     0.66027079
  1056.13201650	     0.64938525
  1056.63207901	     0.63868541
  1057.13214152	     0.62825042
  1057.63220403	     0.61816027
  1058.13226653	     0.60849464
  1058.63232904	     0.59933186
  1059.13239155	     0.59074773
  1059.63245406	     0.58281450
  1060.13251656	     0.57559986
  1060.63257907	     0.56916601
  1061.13264158	     0.56356880
  1061.63270409	     0.55885709
  1062.13276660	     0.55507210
  1062.63282910	     0.55224701
  1063.13289161	     0.55040660
  1063.63295412	     0.54956715
  1064.13301663	     0.54973638
  1064.63307913	     0.55091352
  1065.13314164	     0.55308961
  1065.63320415	     0.55624780
  1066.13326666	     0.56036379
  1066.63332917	     0.56540635
  1067.13339167	     0.57133796
  1067.63345418	     0.57811539
  1068.13351669	     0.58569043
  1068.63357920	     0.59401058
  1069.13364171	     0.60301974
  1069.63370421	     0.61265894
  1070.13376672	     0.62286703
  1070.63382923	     0.63358132
  1071.13389174	     0.64473822
  1071.63395424	     0.65627381
  1072.13401675	     0.66812442
  1072.63407926	     0.68022709
  1073.13414177	     0.69252001
  1073.63420428	     0.70494297
  1074.13426678	     0.71743765
  1074.63432929	     0.72994795
  1075.13439180	     0.74242027
  1075.63445431	     0.75480367
  1076.13451681	     0.76705010
  1076.63457932	     0.77911451
  1077.13464183	     0.79095495
  1077.63470434	     0.80253261
  1078.13476685	     0.81381190
  1078.63482935	     0.82476040
  1079.13489186	     0.83534883
  1079.63495437	     0.84555101
  1080.13501688	     0.85534373
  1080.63507938	     0.86470665
  1081.13514189	     0.87362217
  1081.63520440	     0.88207523
  1082.13526691	     0.89005315
  1082.63532942	     0.89754543
  1083.13539192	     0.90454353
  1083.63545443	     0.91104068
  1084.13551694	     0.91703166
  1084.63557945	     0.92251256
  1085.13564196	     0.92748065
  1085.63570446	     0.93193412
  1086.13576697	     0.93587202
  1086.63582948	     0.93929401
  1087.13589199	     0.94220037
  1087.63595449	     0.94459185
  1088.13601700	     0.94646971
  1088.63607951	     0.94783566
  1089.13614202	     0.94869196
  1089.63620453	     0.94904147
  1090.13626703	     0.94888780
  1090.63632954	     0.94823546
  1091.13639205	     0.94709002
  1091.63645456	     0.94545834
  1092.13651706	     0.94334876
  1092.63657957	     0.94077138
  1093.13664208	     0.93773825
  1093.63670459	     0.93426357
  1094.13676710	     0.93036397
  1094.63682960	     0.92605861
  1095.13689211	     0.92136935
  1095.63695462	     0.91632088
  1096.13701713	     0.91094073
  1096.63707963	     0.90525929
  1097.13714214	     0.89930978
  1097.63720465	     0.89312806
  1098.13726716	     0.88675254
  1098.63732967	     0.88022388
  1099.13739217	     0.87358470
  1099.63745468	     0.86687926
  1100.13751719	     0.86015303
  1100.63757970	     0.85345225
  1101.13764221	     0.84682347
  1101.63770471	     0.84031305
  1102.13776722	     0.83396663
  1102.63782973	     0.82782863
  1103.13789224	     0.82194173
  1103.63795474	     0.81634639
  1104.13801725	     0.81108038
  1104.63807976	     0.80617836
  1105.13814227	     0.80167148
  1105.63820478	     0.79758708
  1106.13826728	     0.79394840
  1106.63832979	     0.79077437
  1107.13839230	     0.78807952
  1107.63845481	     0.78587384
  1108.13851731	     0.78416282
  1108.63857982	     0.78294751
  1109.13864233	     0.78222466
  1109.63870484	     0.78198688
  1110.13876735	     0.78222292
  1110.63882985	     0.78291793
  1111.13889236	     0.78405382
  1111.63895487	     0.78560962
  1112.13901738	     0.78756190
  1112.63907988	     0.78988513
  1113.13914239	     0.79255217
  1113.63920490	     0.79553463
  1114.13926741	     0.79880338
  1114.63932992	     0.80232885
  1115.13939242	     0.80608150
  1115.63945493	     0.81003215
  1116.13951744	     0.81415232
  1116.63957995	     0.81841449
  1117.13964246	     0.82279241
  1117.63970496	     0.82726127
  1118.13976747	     0.83179785
  1118.63982998	     0.83638070
  1119.13989249	     0.84099017
  1119.63995499	     0.84560842
  1120.14001750	     0.85021948
  1120.64008001	     0.85480914
  1121.14014252	     0.85936487
  1121.64020503	     0.86387574
  1122.14026753	     0.86833224
  1122.64033004	     0.87272612
  1123.14039255	     0.87705025
  1123.64045506	     0.88129837
  1124.14051756	     0.88546498
  1124.64058007	     0.88954507
  1125.14064258	     0.89353400
  1125.64070509	     0.89742732
  1126.14076760	     0.90122062
  1126.64083010	     0.90490942
  1127.14089261	     0.90848905
  1127.64095512	     0.91195458
  1128.14101763	     0.91530081
  1128.64108014	     0.91852222
  1129.14114264	     0.92161301
  1129.64120515	     0.92456714
  1130.14126766	     0.92737838
  1130.64133017	     0.93004045
  1131.14139267	     0.93254708
  1131.64145518	     0.93489217
  1132.14151769	     0.93706994
  1132.64158020	     0.93907503
  1133.14164271	     0.94090272
  1133.64170521	     0.94254902
  1134.14176772	     0.94401083
  1134.64183023	     0.94528608
  1135.14189274	     0.94637381
  1135.64195524	     0.94727431
  1136.14201775	     0.94798914
  1136.64208026	     0.94852122
  1137.14214277	     0.94887481
  1137.64220528	     0.94905555
  1138.14226778	     0.94907036
  1138.64233029	     0.94892743
  1139.14239280	     0.94863613
  1139.64245531	     0.94820685
  1140.14251781	     0.94765092
  1140.64258032	     0.94698043
  1141.14264283	     0.94620809
  1141.64270534	     0.94534703
  1142.14276785	     0.94441063
  1142.64283035	     0.94341235
  1143.14289286	     0.94236553
  1143.64295537	     0.94128325
  1144.14301788	     0.94017816
  1144.64308039	     0.93906231
  1145.14314289	     0.93794708
  1145.64320540	     0.93684302
  1146.14326791	     0.93575979
  1146.64333042	     0.93470613
  1147.14339292	     0.93368975
  1147.64345543	     0.93271740
  1148.14351794	     0.93179480
  1148.64358045	     0.93092672
  1149.14364296	     0.93011700
  1149.64370546	     0.92936862
  1150.14376797	     0.92868376
  1150.64383048	     0.92806389
  1151.14389299	     0.92750984
  1151.64395549	     0.92702192
  1152.14401800	     0.92659998
  1152.64408051	     0.92624349
  1153.14414302	     0.92595166
  1153.64420553	     0.92572348
  1154.14426803	     0.92555781
  1154.64433054	     0.92545339
  1155.14439305	     0.92540897
  1155.64445556	     0.92542329
  1156.14451806	     0.92549511
  1156.64458057	     0.92562326
  1157.14464308	     0.92580665
  1157.64470559	     0.92604428
  1158.14476810	     0.92633521
  1158.64483060	     0.92667861
  1159.14489311	     0.92707372
  1159.64495562	     0.92751985
  1160.14501813	     0.92801637
  1160.64508064	     0.92856269
  1161.14514314	     0.92915826
  1161.64520565	     0.92980252
  1162.14526816	     0.93049491
  1162.64533067	     0.93123480
  1163.14539317	     0.93202149
  1163.64545568	     0.93285418
  1164.14551819	     0.93373189
  1164.64558070	     0.93465343
  1165.14564321	     0.93561735
  1165.64570571	     0.93662186
  1166.14576822	     0.93766478
  1166.64583073	     0.93874346
  1167.14589324	     0.93985467
  1167.64595574	     0.94099458
  1168.14601825	     0.94215861
  1168.64608076	     0.94334138
  1169.14614327	     0.94453662
  1169.64620578	     0.94573706
  1170.14626828	     0.94693442
  1170.64633079	     0.94811925
  1171.14639330	     0.94928094
  1171.64645581	     0.95040763
  1172.14651831	     0.95148621
  1172.64658082	     0.95250225
  1173.14664333	     0.95344005
  1173.64670584	     0.95428263
  1174.14676835	     0.95501176
  1174.64683085	     0.95560805
  1175.14689336	     0.95605099
  1175.64695587	     0.95631914
  1176.14701838	     0.95639016
  1176.64708089	     0.95624110
  1177.14714339	     0.95584848
  1177.64720590	     0.95518862
  1178.14726841	     0.95423781
  1178.64733092	     0.95297267
  1179.14739342	     0.95137041
  1179.64745593	     0.94940920
  1180.14751844	     0.94706853
  1180.64758095	     0.94432958
  1181.14764346	     0.94117569
  1181.64770596	     0.93759267
  1182.14776847	     0.93356933
  1182.64783098	     0.92909782
  1183.14789349	     0.92417408
  1183.64795599	     0.91879822
  1184.14801850	     0.91297484
  1184.64808101	     0.90671342
  1185.14814352	     0.90002851
  1185.64820603	     0.89293994
  1186.14826853	     0.88547296
  1186.64833104	     0.87765829
  1187.14839355	     0.86953202
  1187.64845606	     0.86113546
  1188.14851856	     0.85251488
  1188.64858107	     0.84372117
  1189.14864358	     0.83480925
  1189.64870609	     0.82583760
  1190.14876860	     0.81686744
  1190.64883110	     0.80796202
  1191.14889361	     0.79918571
  1191.64895612	     0.79060304
  1192.14901863	     0.78227773
  1192.64908114	     0.77427165
  1193.14914364	     0.76664377
  1193.64920615	     0.75944915
  1194.14926866	     0.75273793
  1194.64933117	     0.74655442
  1195.14939367	     0.74093625
  1195.64945618	     0.73591359
  1196.14951869	     0.73150856
  1196.64958120	     0.72773473
  1197.14964371	     0.72459682
  1197.64970621	     0.72209045
  1198.14976872	     0.72020225
  1198.64983123	     0.71890996
  1199.14989374	     0.71818278
  1199.64995624	     0.71798191
  1200.15001875	     0.71826118
  1200.65008126	     0.71896790
  1201.15014377	     0.72004373
  1201.65020628	     0.72142577
  1202.15026878	     0.72304764
  1202.65033129	     0.72484073
  1203.15039380	     0.72673536
  1203.65045631	     0.72866205
  1204.15051881	     0.73055278
  1204.65058132	     0.73234217
  1205.15064383	     0.73396863
  1205.65070634	     0.73537546
  1206.15076885	     0.73651184
  1206.65083135	     0.73733367
  1207.15089386	     0.73780441
  1207.65095637	     0.73789562
  1208.15101888	     0.73758749
  1208.65108139	     0.73686919
  1209.15114389	     0.73573899
  1209.65120640	     0.73420432
  1210.15126891	     0.73228164
  1210.65133142	     0.72999613
  1211.15139392	     0.72738126
  1211.65145643	     0.72447823
  1212.15151894	     0.72133525
  1212.65158145	     0.71800670
  1213.15164396	     0.71455224
  1213.65170646	     0.71103576
  1214.15176897	     0.70752430
  1214.65183148	     0.70408690
  1215.15189399	     0.70079343
  1215.65195649	     0.69771339
  1216.15201900	     0.69491475
  1216.65208151	     0.69246276
  1217.15214402	     0.69041890
  1217.65220653	     0.68883978
  1218.15226903	     0.68777628
  1218.65233154	     0.68727265
  1219.15239405	     0.68736583
  1219.65245656	     0.68808488
  1220.15251906	     0.68945053
  1220.65258157	     0.69147494
  1221.15264408	     0.69416156
  1221.65270659	     0.69750516
  1222.15276910	     0.70149205
  1222.65283160	     0.70610043
  1223.15289411	     0.71130083
  1223.65295662	     0.71705675
  1224.15301913	     0.72332537
  1224.65308164	     0.73005838
  1225.15314414	     0.73720282
  1225.65320665	     0.74470204
  1226.15326916	     0.75249669
  1226.65333167	     0.76052565
  1227.15339417	     0.76872704
  1227.65345668	     0.77703914
  1228.15351919	     0.78540128
  1228.65358170	     0.79375467
  1229.15364421	     0.80204312
  1229.65370671	     0.81021373
  1230.15376922	     0.81821742
  1230.65383173	     0.82600938
  1231.15389424	     0.83354940
  1231.65395674	     0.84080210
  1232.15401925	     0.84773705
  1232.65408176	     0.85432878
  1233.15414427	     0.86055668
  1233.65420678	     0.86640485
  1234.15426928	     0.87186182
  1234.65433179	     0.87692024
  1235.15439430	     0.88157649
  1235.65445681	     0.88583026
  1236.15451931	     0.88968410
  1236.65458182	     0.89314293
  1237.15464433	     0.89621354
  1237.65470684	     0.89890416
  1238.15476935	     0.90122393
  1238.65483185	     0.90318251
  1239.15489436	     0.90478961
  1239.65495687	     0.90605467
  1240.15501938	     0.90698647
  1240.65508189	     0.90759289
  1241.15514439	     0.90788067
  1241.65520690	     0.90785520
  1242.15526941	     0.90752046
  1242.65533192	     0.90687889
  1243.15539442	     0.90593146
  1243.65545693	     0.90467767
  1244.15551944	     0.90311568
  1244.65558195	     0.90124247
  1245.15564446	     0.89905408
  1245.65570696	     0.89654584
  1246.15576947	     0.89371269
  1246.65583198	     0.89054954
  1247.15589449	     0.88705163
  1247.65595699	     0.88321492
  1248.15601950	     0.87903655
  1248.65608201	     0.87451522
  1249.15614452	     0.86965162
  1249.65620703	     0.86444886
  1250.15626953	     0.85891285
  1250.65633204	     0.85305263
  1251.15639455	     0.84688069
  1251.65645706	     0.84041323
  1252.15651956	     0.83367032
  1252.65658207	     0.82667597
  1253.15664458	     0.81945820
  1253.65670709	     0.81204894
  1254.15676960	     0.80448382
  1254.65683210	     0.79680194
  1255.15689461	     0.78904545
  1255.65695712	     0.78125909
  1256.15701963	     0.77348966
  1256.65708214	     0.76578531
  1257.15714464	     0.75819487
  1257.65720715	     0.75076706
  1258.15726966	     0.74354968
  1258.65733217	     0.73658879
  1259.15739467	     0.72992783
  1259.65745718	     0.72360687
  1260.15751969	     0.71766174
  1260.65758220	     0.71212337
  1261.15764471	     0.70701709
  1261.65770721	     0.70236208
  1262.15776972	     0.69817090
  1262.65783223	     0.69444908
  1263.15789474	     0.69119497
  1263.65795724	     0.68839954
  1264.15801975	     0.68604638
  1264.65808226	     0.68411185
  1265.15814477	     0.68256530
  1265.65820728	     0.68136933
  1266.15826978	     0.68048025
  1266.65833229	     0.67984854
  1267.15839480	     0.67941939
  1267.65845731	     0.67913324
  1268.15851981	     0.67892640
  1268.65858232	     0.67873165
  1269.15864483	     0.67847883
  1269.65870734	     0.67809544
  1270.15876985	     0.67750718
  1270.65883235	     0.67663848
  1271.15889486	     0.67541305
  1271.65895737	     0.67375428
  1272.15901988	     0.67158576
  1272.65908239	     0.66883168
  1273.15914489	     0.66541731
  1273.65920740	     0.66126941
  1274.15926991	     0.65631672
  1274.65933242	     0.65049052
  1275.15939492	     0.64372512
  1275.65945743	     0.63595861
  1276.15951994	     0.62713349
  1276.65958245	     0.61719756
  1277.15964496	     0.60610476
  1277.65970746	     0.59381622
  1278.15976997	     0.58030128
  1278.65983248	     0.56553868
  1279.15989499	     0.54951774
  1279.65995749	     0.53223958
  1280.16002000	     0.51371833
  1280.66008251	     0.49398234
  1281.16014502	     0.47307524
  1281.66020753	     0.45105696
  1282.16027003	     0.42800455
  1282.66033254	     0.40401274
  1283.16039505	     0.37919438
  1283.66045756	     0.35368049
  1284.16052007	     0.32761997
  1284.66058257	     0.30117909
  1285.16064508	     0.27454043
  1285.66070759	     0.24790161
  1286.16077010	     0.22147351
  1286.66083260	     0.19547815
  1287.16089511	     0.17014627
  1287.66095762	     0.14571448
  1288.16102013	     0.12242223
  1288.66108264	     0.10050848
  1289.16114514	     0.08020826
  1289.66120765	     0.06174903
  1290.16127016	     0.04534716
  1290.66133267	     0.03120435
  1291.16139517	     0.01950421
  1291.66145768	     0.01040910
  1292.16152019	     0.00405719
  1292.66158270	     0.00055995
  1293.16164521	     0.00000000
  1293.66170771	     0.00242950
  1294.16177022	     0.00786901
  1294.66183273	     0.01630696
  1295.16189524	     0.02769960
  1295.66195774	     0.04197161
  1296.16202025	     0.05901724
  1296.66208276	     0.07870194
  1297.16214527	     0.10086452
  1297.66220778	     0.12531980
  1298.16227028	     0.15186151
  1298.66233279	     0.18026565
  1299.16239530	     0.21029400
  1299.66245781	     0.24169779
  1300.16252032	     0.27422147
  1300.66258282	     0.30760651
  1301.16264533	     0.34159502
  1301.66270784	     0.37593327
  1302.16277035	     0.41037506
  1302.66283285	     0.44468466
  1303.16289536	     0.47863955
  1303.66295787	     0.51203272
  1304.16302038	     0.54467462
  1304.66308289	     0.57639468
  1305.16314539	     0.60704244
  1305.66320790	     0.63648819
  1306.16327041	     0.66462336
  1306.66333292	     0.69136038
  1307.16339542	     0.71663231
  1307.66345793	     0.74039209
  1308.16352044	     0.76261159
  1308.66358295	     0.78328038
  1309.16364546	     0.80240429
  1309.66370796	     0.82000397
  1310.16377047	     0.83611318
  1310.66383298	     0.85077711
  1311.16389549	     0.86405076
  1311.66395799	     0.87599714
  1312.16402050	     0.88668573
  1312.66408301	     0.89619086
  1313.16414552	     0.90459026
  1313.66420803	     0.91196368
  1314.16427053	     0.91839167
  1314.66433304	     0.92395442
  1315.16439555	     0.92873081
  1315.66445806	     0.93279753
  1316.16452057	     0.93622838
  1316.66458307	     0.93909361
  1317.16464558	     0.94145950
  1317.66470809	     0.94338793
  1318.16477060	     0.94493614
  1318.66483310	     0.94615652
  1319.16489561	     0.94709656
  1319.66495812	     0.94779875
  1320.16502063	     0.94830072
  1320.66508314	     0.94863526
  1321.16514564	     0.94883054
  1321.66520815	     0.94891025
  1322.16527066	     0.94889390
  1322.66533317	     0.94879703
  1323.16539567	     0.94863154
  1323.66545818	     0.94840601
  1324.16552069	     0.94812597
  1324.66558320	     0.94779433
  1325.16564571	     0.94741162
  1325.66570821	     0.94697644
  1326.16577072	     0.94648570
  1326.66583323	     0.94593502
  1327.16589574	     0.94531904
  1327.66595824	     0.94463167
  1328.16602075	     0.94386646
  1328.66608326	     0.94301679
  1329.16614577	     0.94207615
  1329.66620828	     0.94103831
  1330.16627078	     0.93989756
  1330.66633329	     0.93864880
  1331.16639580	     0.93728771
  1331.66645831	     0.93581083
  1332.16652082	     0.93421562
  1332.66658332	     0.93250052
  1333.16664583	     0.93066496
  1333.66670834	     0.92870935
  1334.16677085	     0.92663510
  1334.66683335	     0.92444454
  1335.16689586	     0.92214091
  1335.66695837	     0.91972832
  1336.16702088	     0.91721167
  1336.66708339	     0.91459663
  1337.16714589	     0.91188959
  1337.66720840	     0.90909759
  1338.16727091	     0.90622836
  1338.66733342	     0.90329019
  1339.16739592	     0.90029202
  1339.66745843	     0.89724337
  1340.16752094	     0.89415438
  1340.66758345	     0.89103577
  1341.16764596	     0.88789890
  1341.66770846	     0.88475577
  1342.16777097	     0.88161904
  1342.66783348	     0.87850198
  1343.16789599	     0.87541856
  1343.66795849	     0.87238335
  1344.16802100	     0.86941156
  1344.66808351	     0.86651893
  1345.16814602	     0.86372171
  1345.66820853	     0.86103652
  1346.16827103	     0.85848028
  1346.66833354	     0.85607005
  1347.16839605	     0.85382286
  1347.66845856	     0.85175554
  1348.16852107	     0.84988451
  1348.66858357	     0.84822558
  1349.16864608	     0.84679369
  1349.66870859	     0.84560268
  1350.16877110	     0.84466508
  1350.66883360	     0.84399184
  1351.16889611	     0.84359214
  1351.66895862	     0.84347314
  1352.16902113	     0.84363983
  1352.66908364	     0.84409484
  1353.16914614	     0.84483831
  1353.66920865	     0.84586781
  1354.16927116	     0.84717827
  1354.66933367	     0.84876194
  1355.16939617	     0.85060844
  1355.66945868	     0.85270480
  1356.16952119	     0.85503560
  1356.66958370	     0.85758304
  1357.16964621	     0.86032719
  1357.66970871	     0.86324619
  1358.16977122	     0.86631646
  1358.66983373	     0.86951299
  1359.16989624	     0.87280963
  1359.66995874	     0.87617941
  1360.17002125	     0.87959481
  1360.67008376	     0.88302810
  1361.17014627	     0.88645167
  1361.67020878	     0.88983832
  1362.17027128	     0.89316157
  1362.67033379	     0.89639591
  1363.17039630	     0.89951711
  1363.67045881	     0.90250244
  1364.17052132	     0.90533088
  1364.67058382	     0.90798330
  1365.17064633	     0.91044265
  1365.67070884	     0.91269409
  1366.17077135	     0.91472504
  1366.67083385	     0.91652534
  1367.17089636	     0.91808724
  1367.67095887	     0.91940544
  1368.17102138	     0.92047707
  1368.67108389	     0.92130170
  1369.17114639	     0.92188125
  1369.67120890	     0.92221998
  1370.17127141	     0.92232434
  1370.67133392	     0.92220292
  1371.17139642	     0.92186629
  1371.67145893	     0.92132693
  1372.17152144	     0.92059904
  1372.67158395	     0.91969840
  1373.17164646	     0.91864221
  1373.67170896	     0.91744893
  1374.17177147	     0.91613805
  1374.67183398	     0.91472996
  1375.17189649	     0.91324570
  1375.67195899	     0.91170677
  1376.17202150	     0.91013487
  1376.67208401	     0.90855177
  1377.17214652	     0.90697895
  1377.67220903	     0.90543749
  1378.17227153	     0.90394773
  1378.67233404	     0.90252911
  1379.17239655	     0.90119991
  1379.67245906	     0.89997703
  1380.17252157	     0.89887578
  1380.67258407	     0.89790969
  1381.17264658	     0.89709037
  1381.67270909	     0.89642730
  1382.17277160	     0.89592777
  1382.67283410	     0.89559677
  1383.17289661	     0.89543697
  1383.67295912	     0.89544865
  1384.17302163	     0.89562983
  1384.67308414	     0.89597624
  1385.17314664	     0.89648152
  1385.67320915	     0.89713733
  1386.17327166	     0.89793355
  1386.67333417	     0.89885854
  1387.17339667	     0.89989935
  1387.67345918	     0.90104206
  1388.17352169	     0.90227202
  1388.67358420	     0.90357423
  1389.17364671	     0.90493359
  1389.67370921	     0.90633525
  1390.17377172	     0.90776493
  1390.67383423	     0.90920913
  1391.17389674	     0.91065546
  1391.67395924	     0.91209279
  1392.17402175	     0.91351148
  1392.67408426	     0.91490352
  1393.17414677	     0.91626256
  1393.67420928	     0.91758403
  1394.17427178	     0.91886506
  1394.67433429	     0.92010449
  1395.17439680	     0.92130274
  1395.67445931	     0.92246166
  1396.17452182	     0.92358436
  1396.67458432	     0.92467504
  1397.17464683	     0.92573868
  1397.67470934	     0.92678086
  1398.17477185	     0.92780746
  1398.67483435	     0.92882443
  1399.17489686	     0.92983752
  1399.67495937	     0.93085201
  1400.17502188	     0.93187256
  1400.67508439	     0.93290294
  1401.17514689	     0.93394592
  1401.67520940	     0.93500310
  1402.17527191	     0.93607487
  1402.67533442	     0.93716031
  1403.17539692	     0.93825719
  1403.67545943	     0.93936204
  1404.17552194	     0.94047015
  1404.67558445	     0.94157572
  1405.17564696	     0.94267198
  1405.67570946	     0.94375136
  1406.17577197	     0.94480566
  1406.67583448	     0.94582622
  1407.17589699	     0.94680421
  1407.67595949	     0.94773074
  1408.17602200	     0.94859717
  1408.67608451	     0.94939525
  1409.17614702	     0.95011733
  1409.67620953	     0.95075654
  1410.17627203	     0.95130697
  1410.67633454	     0.95176375
  1411.17639705	     0.95212320
  1411.67645956	     0.95238289
  1412.17652207	     0.95254170
  1412.67658457	     0.95259982
  1413.17664708	     0.95255876
  1413.67670959	     0.95242129
  1414.17677210	     0.95219142
  1414.67683460	     0.95187427
  1415.17689711	     0.95147599
  1415.67695962	     0.95100363
  1416.17702213	     0.95046503
  1416.67708464	     0.94986864
  1417.17714714	     0.94922338
  1417.67720965	     0.94853851
  1418.17727216	     0.94782345
  1418.67733467	     0.94708764
  1419.17739717	     0.94634039
  1419.67745968	     0.94559074
  1420.17752219	     0.94484734
  1420.67758470	     0.94411831
  1421.17764721	     0.94341112
  1421.67770971	     0.94273254
  1422.17777222	     0.94208846
  1422.67783473	     0.94148391
  1423.17789724	     0.94092290
  1423.67795974	     0.94040841
  1424.17802225	     0.93994233
  1424.67808476	     0.93952540
  1425.17814727	     0.93915720
  1425.67820978	     0.93883611
  1426.17827228	     0.93855930
  1426.67833479	     0.93832274
  1427.17839730	     0.93812120
  1427.67845981	     0.93794829
  1428.17852232	     0.93779648
  1428.67858482	     0.93765720
  1429.17864733	     0.93752087
  1429.67870984	     0.93737701
  1430.17877235	     0.93721440
  1430.67883485	     0.93702114
  1431.17889736	     0.93678491
  1431.67895987	     0.93649308
  1432.17902238	     0.93613293
  1432.67908489	     0.93569191
  1433.17914739	     0.93515783
  1433.67920990	     0.93451912
  1434.17927241	     0.93376512
  1434.67933492	     0.93288628
  1435.17939742	     0.93187447
  1435.67945993	     0.93072317
  1436.17952244	     0.92942773
  1436.67958495	     0.92798556
  1437.17964746	     0.92639626
  1437.67970996	     0.92466182
  1438.17977247	     0.92278664
  1438.67983498	     0.92077760
  1439.17989749	     0.91864405
  1439.67996000	     0.91639772
  1440.18002250	     0.91405263
  1440.68008501	     0.91162491
  1441.18014752	     0.90913253
  1441.68021003	     0.90659510
  1442.18027253	     0.90403353
  1442.68033504	     0.90146966
  1443.18039755	     0.89892591
  1443.68046006	     0.89642492
  1444.18052257	     0.89398910
  1444.68058507	     0.89164028
  1445.18064758	     0.88939930
  1445.68071009	     0.88728569
  1446.18077260	     0.88531730
  1446.68083510	     0.88351004
  1447.18089761	     0.88187763
  1447.68096012	     0.88043143
  1448.18102263	     0.87918026
  1448.68108514	     0.87813035
  1449.18114764	     0.87728532
  1449.68121015	     0.87664618
  1450.18127266	     0.87621146
  1450.68133517	     0.87597732
  1451.18139767	     0.87593771
  1451.68146018	     0.87608463
  1452.18152269	     0.87640832
  1452.68158520	     0.87689756
  1453.18164771	     0.87753997
  1453.68171021	     0.87832224
  1454.18177272	     0.87923047
  1454.68183523	     0.88025043
  1455.18189774	     0.88136785
  1455.68196025	     0.88256865
  1456.18202275	     0.88383916
  1456.68208526	     0.88516639
  1457.18214777	     0.88653810
  1457.68221028	     0.88794306
  1458.18227278	     0.88937106
  1458.68233529	     0.89081307
  1459.18239780	     0.89226124
  1459.68246031	     0.89370895
  1460.18252282	     0.89515078
  1460.68258532	     0.89658248
  1461.18264783	     0.89800094
  1461.68271034	     0.89940405
  1462.18277285	     0.90079066
  1462.68283535	     0.90216041
  1463.18289786	     0.90351366
  1463.68296037	     0.90485131
  1464.18302288	     0.90617465
  1464.68308539	     0.90748526
  1465.18314789	     0.90878482
  1465.68321040	     0.91007500
  1466.18327291	     0.91135729
  1466.68333542	     0.91263292
  1467.18339792	     0.91390270
  1467.68346043	     0.91516694
  1468.18352294	     0.91642534
  1468.68358545	     0.91767695
  1469.18364796	     0.91892009
  1469.68371046	     0.92015229
  1470.18377297	     0.92137028
  1470.68383548	     0.92256997
  1471.18389799	     0.92374643
  1471.68396050	     0.92489390
  1472.18402300	     0.92600581
  1472.68408551	     0.92707478
  1473.18414802	     0.92809264
  1473.68421053	     0.92905046
  1474.18427303	     0.92993859
  1474.68433554	     0.93074662
  1475.18439805	     0.93146347
  1475.68446056	     0.93207738
  1476.18452307	     0.93257593
  1476.68458557	     0.93294604
  1477.18464808	     0.93317404
  1477.68471059	     0.93324566
  1478.18477310	     0.93314609
  1478.68483560	     0.93286000
  1479.18489811	     0.93237163
  1479.68496062	     0.93166483
  1480.18502313	     0.93072320
  1480.68508564	     0.92953017
  1481.18514814	     0.92806914
  1481.68521065	     0.92632367
  1482.18527316	     0.92427762
  1482.68533567	     0.92191541
  1483.18539817	     0.91922221
  1483.68546068	     0.91618421
  1484.18552319	     0.91278887
  1484.68558570	     0.90902521
  1485.18564821	     0.90488407
  1485.68571071	     0.90035841
  1486.18577322	     0.89544360
  1486.68583573	     0.89013764
  1487.18589824	     0.88444145
  1487.68596075	     0.87835908
  1488.18602325	     0.87189789
  1488.68608576	     0.86506874
  1489.18614827	     0.85788609
  1489.68621078	     0.85036810
  1490.18627328	     0.84253661
  1490.68633579	     0.83441719
  1491.18639830	     0.82603903
  1491.68646081	     0.81743485
  1492.18652332	     0.80864072
  1492.68658582	     0.79969584
  1493.18664833	     0.79064233
  1493.68671084	     0.78152488
  1494.18677335	     0.77239046
  1494.68683585	     0.76328793
  1495.18689836	     0.75426767
  1495.68696087	     0.74538113
  1496.18702338	     0.73668044
  1496.68708589	     0.72821796
  1497.18714839	     0.72004579
  1497.68721090	     0.71221539
  1498.18727341	     0.70477706
  1498.68733592	     0.69777956
  1499.18739842	     0.69126964
  1499.68746093	     0.68529168
  1500.18752344	     0.67988725
  1500.68758595	     0.67509476
  1501.18764846	     0.67094913
  1501.68771096	     0.66748145
  1502.18777347	     0.66471874
  1502.68783598	     0.66268366
  1503.18789849	     0.66139430
  1503.68796100	     0.66086400
  1504.18802350	     0.66110124
  1504.68808601	     0.66210950
  1505.18814852	     0.66388720
  1505.68821103	     0.66642770
  1506.18827353	     0.66971934
  1506.68833604	     0.67374546
  1507.18839855	     0.67848455
  1507.68846106	     0.68391042
  1508.18852357	     0.68999238
  1508.68858607	     0.69669551
  1509.18864858	     0.70398094
  1509.68871109	     0.71180621
  1510.18877360	     0.72012561
  1510.68883610	     0.72889062
  1511.18889861	     0.73805034
  1511.68896112	     0.74755197
  1512.18902363	     0.75734128
  1512.68908614	     0.76736310
  1513.18914864	     0.77756186
  1513.68921115	     0.78788209
  1514.18927366	     0.79826889
  1514.68933617	     0.80866842
  1515.18939867	     0.81902838
  1515.68946118	     0.82929840
  1516.18952369	     0.83943043
  1516.68958620	     0.84937909
  1517.18964871	     0.85910191
  1517.68971121	     0.86855961
  1518.18977372	     0.87771621
  1518.68983623	     0.88653913
  1519.18989874	     0.89499925
  1519.68996125	     0.90307084
  1520.19002375	     0.91073148
  1520.69008626	     0.91796184
  1521.19014877	     0.92474551
  1521.69021128	     0.93106869
  1522.19027378	     0.93691984
  1522.69033629	     0.94228936
  1523.19039880	     0.94716910
  1523.69046131	     0.95155201
  1524.19052382	     0.95543166
  1524.69058632	     0.95880177
  1525.19064883	     0.96165581
  1525.69071134	     0.96398655
  1526.19077385	     0.96578566
  1526.69083635	     0.96704340
  1527.19089886	     0.96774826
  1527.69096137	     0.96788674
  1528.19102388	     0.96744321
  1528.69108639	     0.96639980
  1529.19114889	     0.96473638
  1529.69121140	     0.96243074
  1530.19127391	     0.95945869
  1530.69133642	     0.95579446
  1531.19139892	     0.95141110
  1531.69146143	     0.94628099
  1532.19152394	     0.94037650
  1532.69158645	     0.93367073
  1533.19164896	     0.92613838
  1533.69171146	     0.91775662
  1534.19177397	     0.90850615
  1534.69183648	     0.89837219
  1535.19189899	     0.88734562
  1535.69196150	     0.87542403
  1536.19202400	     0.86261284
  1536.69208651	     0.84892633
  1537.19214902	     0.83438859
  1537.69221153	     0.81903443
  1538.19227403	     0.80291008
  1538.69233654	     0.78607380
  1539.19239905	     0.76859623
  1539.69246156	     0.75056059
  1540.19252407	     0.73206262
  1540.69258657	     0.71321022
  1541.19264908	     0.69412286
  1541.69271159	     0.67493077
  1542.19277410	     0.65577369
  1542.69283660	     0.63679955
  1543.19289911	     0.61816272
  1543.69296162	     0.60002215
  1544.19302413	     0.58253926
  1544.69308664	     0.56587564
  1545.19314914	     0.55019069
  1545.69321165	     0.53563911
  1546.19327416	     0.52236848
  1546.69333667	     0.51051674
  1547.19339917	     0.50020986
  1547.69346168	     0.49155966
  1548.19352419	     0.48466177
  1548.69358670	     0.47959387
  1549.19364921	     0.47641430
  1549.69371171	     0.47516088
  1550.19377422	     0.47585023
  1550.69383673	     0.47847736
  1551.19389924	     0.48301573
  1551.69396175	     0.48941772
  1552.19402425	     0.49761545
  1552.69408676	     0.50752194
  1553.19414927	     0.51903272
  1553.69421178	     0.53202762
  1554.19427428	     0.54637289
  1554.69433679	     0.56192351
  1555.19439930	     0.57852562
  1555.69446181	     0.59601907
  1556.19452432	     0.61423999
  1556.69458682	     0.63302335
  1557.19464933	     0.65220540
  1557.69471184	     0.67162602
  1558.19477435	     0.69113088
  1558.69483685	     0.71057337
  1559.19489936	     0.72981627
  1559.69496187	     0.74873323
  1560.19502438	     0.76720984
  1560.69508689	     0.78514452
  1561.19514939	     0.80244906
  1561.69521190	     0.81904889
  1562.19527441	     0.83488308
  1562.69533692	     0.84990411
  1563.19539942	     0.86407739
  1563.69546193	     0.87738063
  1564.19552444	     0.88980298
  1564.69558695	     0.90134413
  1565.19564946	     0.91201324
  1565.69571196	     0.92182782
  1566.19577447	     0.93081261
  1566.69583698	     0.93899845
  1567.19589949	     0.94642108
  1567.69596200	     0.95312015
  1568.19602450	     0.95913809
  1568.69608701	     0.96451924
  1569.19614952	     0.96930891
  1569.69621203	     0.97355266
  1570.19627453	     0.97729559
  1570.69633704	     0.98058175
  1571.19639955	     0.98345368
  1571.69646206	     0.98595198
  1572.19652457	     0.98811505
  1572.69658707	     0.98997885
  1573.19664958	     0.99157670
  1573.69671209	     0.99293928
  1574.19677460	     0.99409454
  1574.69683710	     0.99506774
  1575.19689961	     0.99588147
  1575.69696212	     0.99655580
  1576.19702463	     0.99710833
  1576.69708714	     0.99755434
  1577.19714964	     0.99790694
  1577.69721215	     0.99817718
  1578.19727466	     0.99837422
  1578.69733717	     0.99850546
  1579.19739967	     0.99857667
  1579.69746218	     0.99859215
  1580.19752469	     0.99855485
  1580.69758720	     0.99846646
  1581.19764971	     0.99832757
  1581.69771221	     0.99813775
  1582.19777472	     0.99789566
  1582.69783723	     0.99759917
  1583.19789974	     0.99724543
  1583.69796225	     0.99683101
  1584.19802475	     0.99635196
  1584.69808726	     0.99580398
  1585.19814977	     0.99518246
  1585.69821228	     0.99448263
  1586.19827478	     0.99369971
  1586.69833729	     0.99282899
  1587.19839980	     0.99186601
  1587.69846231	     0.99080666
  1588.19852482	     0.98964737
  1588.69858732	     0.98838523
  1589.19864983	     0.98701815
  1589.69871234	     0.98554500
  1590.19877485	     0.98396577
  1590.69883735	     0.98228169
  1591.19889986	     0.98049534
  1591.69896237	     0.97861080
  1592.19902488	     0.97663367
  1592.69908739	     0.97457119
  1593.19914989	     0.97243224
  1593.69921240	     0.97022737
  1594.19927491	     0.96796873
  1594.69933742	     0.96567006
  1595.19939993	     0.96334656
  1595.69946243	     0.96101472
  1596.19952494	     0.95869224
  1596.69958745	     0.95639772
  1597.19964996	     0.95415049
  1597.69971246	     0.95197034
  1598.19977497	     0.94987719
  1598.69983748	     0.94789083
  1599.19989999	     0.94603060
  1599.69996250	     0.94431502
  1600.20002500	     0.94276155
  1600.70008751	     0.94138623
  1601.20015002	     0.94020338
  1601.70021253	     0.93922538
  1602.20027503	     0.93846241
  1602.70033754	     0.93792224
  1603.20040005	     0.93761008
  1603.70046256	     0.93752848
  1604.20052507	     0.93767723
  1604.70058757	     0.93805339
  1605.20065008	     0.93865126
  1605.70071259	     0.93946253
  1606.20077510	     0.94047633
  1606.70083760	     0.94167944
  1607.20090011	     0.94305647
  1607.70096262	     0.94459011
  1608.20102513	     0.94626136
  1608.70108764	     0.94804984
  1609.20115014	     0.94993404
  1609.70121265	     0.95189166
  1610.20127516	     0.95389986
  1610.70133767	     0.95593559
  1611.20140018	     0.95797581
  1611.70146268	     0.95999784
  1612.20152519	     0.96197951
  1612.70158770	     0.96389944
  1613.20165021	     0.96573723
  1613.70171271	     0.96747359
  1614.20177522	     0.96909057
  1614.70183773	     0.97057159
  1615.20190024	     0.97190162
  1615.70196275	     0.97306721
  1616.20202525	     0.97405660
  1616.70208776	     0.97485972
  1617.20215027	     0.97546826
  1617.70221278	     0.97587567
  1618.20227528	     0.97607720
  1618.70233779	     0.97606989
  1619.20240030	     0.97585257
  1619.70246281	     0.97542590
  1620.20252532	     0.97479229
  1620.70258782	     0.97395596
  1621.20265033	     0.97292289
  1621.70271284	     0.97170081
  1622.20277535	     0.97029915
  1622.70283785	     0.96872902
  1623.20290036	     0.96700317
  1623.70296287	     0.96513586
  1624.20302538	     0.96314286
  1624.70308789	     0.96104128
  1625.20315039	     0.95884948
  1625.70321290	     0.95658693
  1626.20327541	     0.95427401
  1626.70333792	     0.95193187
  1627.20340043	     0.94958219
  1627.70346293	     0.94724696
  1628.20352544	     0.94494823
  1628.70358795	     0.94270789
  1629.20365046	     0.94054734
  1629.70371296	     0.93848727
  1630.20377547	     0.93654733
  1630.70383798	     0.93474590
  1631.20390049	     0.93309975
  1631.70396300	     0.93162385
  1632.20402550	     0.93033104
  1632.70408801	     0.92923185
  1633.20415052	     0.92833423
  1633.70421303	     0.92764341
  1634.20427553	     0.92716165
  1634.70433804	     0.92688816
  1635.20440055	     0.92681890
  1635.70446306	     0.92694656
  1636.20452557	     0.92726040
  1636.70458807	     0.92774625
  1637.20465058	     0.92838647
  1637.70471309	     0.92915991
  1638.20477560	     0.93004193
  1638.70483810	     0.93100446
  1639.20490061	     0.93201599
  1639.70496312	     0.93304167
  1640.20502563	     0.93404338
  1640.70508814	     0.93497984
  1641.20515064	     0.93580670
  1641.70521315	     0.93647676
  1642.20527566	     0.93694010
  1642.70533817	     0.93714431
  1643.20540068	     0.93703476
  1643.70546318	     0.93655491
  1644.20552569	     0.93564669
  1644.70558820	     0.93425092
  1645.20565071	     0.93230782
  1645.70571321	     0.92975755
  1646.20577572	     0.92654095
  1646.70583823	     0.92260021
  1647.20590074	     0.91787970
  1647.70596325	     0.91232691
  1648.20602575	     0.90589340
  1648.70608826	     0.89853585
  1649.20615077	     0.89021716
  1649.70621328	     0.88090758
  1650.20627578	     0.87058585
  1650.70633829	     0.85924038
  1651.20640080	     0.84687031
  1651.70646331	     0.83348661
  1652.20652582	     0.81911296
  1652.70658832	     0.80378665
  1653.20665083	     0.78755915
  1653.70671334	     0.77049664
  1654.20677585	     0.75268022
  1654.70683835	     0.73420585
  1655.20690086	     0.71518411
  1655.70696337	     0.69573956
  1656.20702588	     0.67600985
  1656.70708839	     0.65614452
  1657.20715089	     0.63630344
  1657.70721340	     0.61665500
  1658.20727591	     0.59737406
  1658.70733842	     0.57863959
  1659.20740093	     0.56063213
  1659.70746343	     0.54353116
  1660.20752594	     0.52751224
  1660.70758845	     0.51274428
  1661.20765096	     0.49938666
  1661.70771346	     0.48758659
  1662.20777597	     0.47747650
  1662.70783848	     0.46917173
  1663.20790099	     0.46276845
  1663.70796350	     0.45834193
  1664.20802600	     0.45594515
  1664.70808851	     0.45560789
  1665.20815102	     0.45733615
  1665.70821353	     0.46111209
  1666.20827603	     0.46689441
  1666.70833854	     0.47461916
  1667.20840105	     0.48420097
  1667.70846356	     0.49553464
  1668.20852607	     0.50849715
  1668.70858857	     0.52294989
  1669.20865108	     0.53874115
  1669.70871359	     0.55570881
  1670.20877610	     0.57368310
  1670.70883860	     0.59248943
  1671.20890111	     0.61195122
  1671.70896362	     0.63189259
  1672.20902613	     0.65214099
  1672.70908864	     0.67252954
  1673.20915114	     0.69289924
  1673.70921365	     0.71310084
  1674.20927616	     0.73299647
  1674.70933867	     0.75246090
  1675.20940118	     0.77138252
  1675.70946368	     0.78966398
  1676.20952619	     0.80722257
  1676.70958870	     0.82399021
  1677.20965121	     0.83991329
  1677.70971371	     0.85495213
  1678.20977622	     0.86908037
  1678.70983873	     0.88228406
  1679.20990124	     0.89456066
  1679.70996375	     0.90591796
  1680.21002625	     0.91637288
  1680.71008876	     0.92595023
  1681.21015127	     0.93468150
  1681.71021378	     0.94260364
  1682.21027628	     0.94975788
  1682.71033879	     0.95618864
  1683.21040130	     0.96194248
  1683.71046381	     0.96706718
  1684.21052632	     0.97161088
  1684.71058882	     0.97562138
  1685.21065133	     0.97914548
  1685.71071384	     0.98222845
  1686.21077635	     0.98491367
  1686.71083885	     0.98724221
  1687.21090136	     0.98925268
  1687.71096387	     0.99098101
  1688.21102638	     0.99246040
  1688.71108889	     0.99372129
  1689.21115139	     0.99479135
  1689.71121390	     0.99569561
  1690.21127641	     0.99645652
  1690.71133892	     0.99709411
  1691.21140143	     0.99762611
  1691.71146393	     0.99806815
  1692.21152644	     0.99843392
  1692.71158895	     0.99873530
  1693.21165146	     0.99898260
  1693.71171396	     0.99918469
  1694.21177647	     0.99934914
  1694.71183898	     0.99948242
  1695.21190149	     0.99958998
  1695.71196400	     0.99967644
  1696.21202650	     0.99974565
  1696.71208901	     0.99980082
  1697.21215152	     0.99984463
  1697.71221403	     0.99987926
  1698.21227653	     0.99990654
  1698.71233904	     0.99992793
  1699.21240155	     0.99994464
  1699.71246406	     0.99995764
  1700.21252657	     0.99996771
  1700.71258907	     0.99997548
  1701.21265158	     0.99998145
  1701.71271409	     0.99998602
  1702.21277660	     0.99998951
  1702.71283910	     0.99999216
  1703.21290161	     0.99999416
  1703.71296412	     0.99999567
  1704.21302663	     0.99999680
  1704.71308914	     0.99999764
  1705.21315164	     0.99999827
  1705.71321415	     0.99999874
  1706.21327666	     0.99999908
  1706.71333917	     0.99999933
  1707.21340168	     0.99999952
  1707.71346418	     0.99999965
  1708.21352669	     0.99999975
  1708.71358920	     0.99999982
  1709.21365171	     0.99999987
  1709.71371421	     0.99999991
  1710.21377672	     0.99999994
  1710.71383923	     0.99999996
  1711.21390174	     0.99999997
  1711.71396425	     0.99999998
  1712.21402675	     0.99999998
  1712.71408926	     0.99999999
  1713.21415177	     0.99999999
  1713.71421428	     1.00000000
  1714.21427678	     1.00000000
  1714.71433929	     1.00000000
  1715.21440180	     1.00000000
  1715.71446431	     1.00000000
  1716.21452682	     1.00000000
  1716.71458932	     1.00000000
  1717.21465183	     1.00000000
  1717.71471434	     1.00000000
  1718.21477685	     1.00000000
  1718.71483935	     1.00000000
  1719.21490186	     1.00000000
  1719.71496437	     1.00000000
  1720.21502688	     1.00000000
  1720.71508939	     1.00000000
  1721.21515189	     1.00000000
  1721.71521440	     1.00000000
  1722.21527691	     1.00000000
  1722.71533942	     1.00000000
  1723.21540193	     1.00000000
  1723.71546443	     1.00000000
  1724.21552694	     1.00000000
  1724.71558945	     1.00000000
  1725.21565196	     1.00000000
  1725.71571446	     1.00000000
  1726.21577697	     1.00000000
  1726.71583948	     1.00000000
  1727.21590199	     1.00000000
  1727.71596450	     1.00000000
  1728.21602700	     1.00000000
  1728.71608951	     1.00000000
  1729.21615202	     1.00000000
  1729.71621453	     1.00000000
  1730.21627703	     1.00000000
  1730.71633954	     1.00000000
  1731.21640205	     1.00000000
  1731.71646456	     1.00000000
  1732.21652707	     1.00000000
  1732.71658957	     1.00000000
  1733.21665208	     1.00000000
  1733.71671459	     1.00000000
  1734.21677710	     1.00000000
  1734.71683960	     1.00000000
  1735.21690211	     1.00000000
  1735.71696462	     1.00000000
  1736.21702713	     1.00000000
  1736.71708964	     1.00000000
  1737.21715214	     1.00000000
  1737.71721465	     1.00000000
  1738.21727716	     1.00000000
  1738.71733967	     1.00000000
  1739.21740218	     1.00000000
  1739.71746468	     1.00000000
  1740.21752719	     1.00000000
  1740.71758970	     1.00000000
  1741.21765221	     1.00000000
  1741.71771471	     1.00000000
  1742.21777722	     1.00000000
  1742.71783973	     1.00000000
  1743.21790224	     1.00000000
  1743.71796475	     1.00000000
  1744.21802725	     1.00000000
  1744.71808976	     1.00000000
  1745.21815227	     1.00000000
  1745.71821478	     1.00000000
  1746.21827728	     1.00000000
  1746.71833979	     1.00000000
  1747.21840230	     1.00000000
  1747.71846481	     1.00000000
  1748.21852732	     1.00000000
  1748.71858982	     1.00000000
  1749.21865233	     1.00000000
  1749.71871484	     1.00000000
  1750.21877735	     1.00000000
