   955.08438555	     0.95322818
   955.56944618	     0.95137900
   956.05450681	     0.94954018
   956.53956745	     0.94772399
   957.02462808	     0.94594327
   957.50968871	     0.94421125
   957.99474934	     0.94254134
   958.47980998	     0.94094692
   958.96487061	     0.93944120
   959.44993124	     0.93803692
   959.93499187	     0.93674618
   960.42005251	     0.93558023
   960.90511314	     0.93454922
   961.39017378	     0.93366206
   961.87523440	     0.93292619
   962.36029504	     0.93234742
   962.84535567	     0.93192978
   963.33041630	     0.93167541
   963.81547694	     0.93158443
   964.30053756	     0.93165487
   964.78559820	     0.93188259
   965.27065883	     0.93226130
   965.75571947	     0.93278248
   966.24078009	     0.93343546
   966.72584073	     0.93420746
   967.21090136	     0.93508360
   967.69596200	     0.93604706
   968.18102263	     0.93707918
   968.66608326	     0.93815956
   969.15114389	     0.93926626
   969.63620453	     0.94037595
   970.12126516	     0.94146413
   970.60632579	     0.94250531
   971.09138642	     0.94347329
   971.57644706	     0.94434136
   972.06150769	     0.94508260
   972.54656832	     0.94567013
   973.03162895	     0.94607742
   973.51668958	     0.94627859
   974.00175022	     0.94624872
   974.48681085	     0.94596415
   974.97187149	     0.94540286
   975.45693211	     0.94454474
   975.94199275	     0.94337195
   976.42705338	     0.94186922
   976.91211402	     0.94002417
   977.39717464	     0.93782761
   977.88223528	     0.93527380
   978.36729591	     0.93236069
   978.85235655	     0.92909017
   979.33741718	     0.92546818
   979.82247781	     0.92150491
   980.30753844	     0.91721480
   980.79259908	     0.91261663
   981.27765971	     0.90773345
   981.76272034	     0.90259245
   982.24778097	     0.89722484
   982.73284161	     0.89166557
   983.21790224	     0.88595303
   983.70296287	     0.88012871
   984.18802350	     0.87423670
   984.67308413	     0.86832322
   985.15814477	     0.86243610
   985.64320540	     0.85662412
   986.12826603	     0.85093643
   986.61332666	     0.84542185
   987.09838730	     0.84012822
   987.58344793	     0.83510170
   988.06850857	     0.83038610
   988.55356919	     0.82602225
   989.03862983	     0.82204735
   989.52369046	     0.81849445
   990.00875110	     0.81539186
   990.49381173	     0.81276279
   990.97887236	     0.81062494
   991.46393299	     0.80899020
   991.94899363	     0.80786451
   992.43405426	     0.80724774
   992.91911489	     0.80713367
   993.40417552	     0.80751016
   993.88923615	     0.80835926
   994.37429679	     0.80965760
   994.85935742	     0.81137670
   995.34441805	     0.81348343
   995.82947868	     0.81594061
   996.31453932	     0.81870750
   996.79959995	     0.82174055
   997.28466058	     0.82499397
   997.76972121	     0.82842049
   998.25478185	     0.83197208
   998.73984248	     0.83560058
   999.22490312	     0.83925845
   999.70996374	     0.84289939
  1000.19502438	     0.84647896
  1000.68008501	     0.84995509
  1001.16514565	     0.85328862
  1001.65020627	     0.85644365
  1002.13526691	     0.85938791
  1002.62032754	     0.86209294
  1003.10538818	     0.86453431
  1003.59044881	     0.86669158
  1004.07550943	     0.86854832
  1004.56057007	     0.87009196
  1005.04563070	     0.87131357
  1005.53069134	     0.87220755
  1006.01575197	     0.87277129
  1006.50081260	     0.87300469
  1006.98587323	     0.87290978
  1007.47093387	     0.87249012
  1007.95599450	     0.87175031
  1008.44105513	     0.87069549
  1008.92611576	     0.86933076
  1009.41117640	     0.86766072
  1009.89623703	     0.86568905
  1010.38129767	     0.86341804
  1010.86635829	     0.86084835
  1011.35141893	     0.85797871
  1011.83647956	     0.85480580
  1012.32154020	     0.85132418
  1012.80660082	     0.84752638
  1013.29166146	     0.84340300
  1013.77672209	     0.83894306
  1014.26178272	     0.83413429
  1014.74684336	     0.82896364
  1015.23190398	     0.82341782
  1015.71696462	     0.81748394
  1016.20202525	     0.81115016
  1016.68708589	     0.80440642
  1017.17214651	     0.79724522
  1017.65720715	     0.78966229
  1018.14226778	     0.78165739
  1018.62732842	     0.77323492
  1019.11238905	     0.76440457
  1019.59744968	     0.75518184
  1020.08251031	     0.74558844
  1020.56757095	     0.73565264
  1021.05263158	     0.72540939
  1021.53769222	     0.71490037
  1022.02275284	     0.70417387
  1022.50781348	     0.69328452
  1022.99287411	     0.68229287
  1023.47793475	     0.67126478
  1023.96299537	     0.66027079
  1024.44805600	     0.64938525
  1024.93311664	     0.63868541
  1025.41817727	     0.62825042
  1025.90323791	     0.61816027
  1026.38829853	     0.60849464
  1026.87335917	     0.59933186
  1027.35841980	     0.59074773
  1027.84348044	     0.58281450
  1028.32854106	     0.57559986
  1028.81360170	     0.56916601
  1029.29866233	     0.56356880
  1029.78372297	     0.55885709
  1030.26878360	     0.55507210
  1030.75384423	     0.55224701
  1031.23890486	     0.55040660
  1031.72396550	     0.54956715
  1032.20902613	     0.54973638
  1032.69408676	     0.55091352
  1033.17914739	     0.55308961
  1033.66420803	     0.55624780
  1034.14926866	     0.56036379
  1034.63432929	     0.56540635
  1035.11938992	     0.57133796
  1035.60445055	     0.57811539
  1036.08951119	     0.58569043
  1036.57457182	     0.59401058
  1037.05963246	     0.60301974
  1037.54469308	     0.61265894
  1038.02975372	     0.62286703
  1038.51481435	     0.63358132
  1038.99987499	     0.64473822
  1039.48493561	     0.65627381
  1039.96999625	     0.66812442
  1040.45505688	     0.68022709
  1040.94011752	     0.69252001
  1041.42517815	     0.70494297
  1041.91023878	     0.71743765
  1042.39529941	     0.72994795
  1042.88036005	     0.74242027
  1043.36542068	     0.75480367
  1043.85048131	     0.76705010
  1044.33554194	     0.77911451
  1044.82060258	     0.79095495
  1045.30566321	     0.80253261
  1045.79072384	     0.81381190
  1046.27578447	     0.82476040
  1046.76084510	     0.83534883
  1047.24590574	     0.84555101
  1047.73096637	     0.85534373
  1048.21602700	     0.86470665
  1048.70108763	     0.87362217
  1049.18614827	     0.88207523
  1049.67120890	     0.89005315
  1050.15626954	     0.89754543
  1050.64133016	     0.90454353
  1051.12639080	     0.91104068
  1051.61145143	     0.91703166
  1052.09651207	     0.92251256
  1052.58157270	     0.92748065
  1053.06663333	     0.93193412
  1053.55169396	     0.93587202
  1054.03675460	     0.93929401
  1054.52181523	     0.94220037
  1055.00687586	     0.94459185
  1055.49193649	     0.94646971
  1055.97699712	     0.94783566
  1056.46205776	     0.94869196
  1056.94711839	     0.94904147
  1057.43217902	     0.94888780
  1057.91723965	     0.94823546
  1058.40230029	     0.94709002
  1058.88736092	     0.94545834
  1059.37242155	     0.94334876
  1059.85748218	     0.94077138
  1060.34254282	     0.93773825
  1060.82760345	     0.93426357
  1061.31266409	     0.93036397
  1061.79772471	     0.92605861
  1062.28278535	     0.92136935
  1062.76784598	     0.91632088
  1063.25290662	     0.91094073
  1063.73796724	     0.90525929
  1064.22302788	     0.89930978
  1064.70808851	     0.89312806
  1065.19314915	     0.88675254
  1065.67820978	     0.88022388
  1066.16327040	     0.87358470
  1066.64833104	     0.86687926
  1067.13339167	     0.86015303
  1067.61845231	     0.85345225
  1068.10351294	     0.84682347
  1068.58857357	     0.84031305
  1069.07363420	     0.83396663
  1069.55869484	     0.82782863
  1070.04375547	     0.82194173
  1070.52881610	     0.81634639
  1071.01387673	     0.81108038
  1071.49893737	     0.80617836
  1071.98399800	     0.80167148
  1072.46905864	     0.79758708
  1072.95411926	     0.79394840
  1073.43917990	     0.79077437
  1073.92424053	     0.78807952
  1074.40930117	     0.78587384
  1074.89436179	     0.78416282
  1075.37942243	     0.78294751
  1075.86448306	     0.78222466
  1076.34954369	     0.78198688
  1076.83460433	     0.78222292
  1077.31966495	     0.78291793
  1077.80472559	     0.78405382
  1078.28978622	     0.78560962
  1078.77484686	     0.78756190
  1079.25990748	     0.78988513
  1079.74496812	     0.79255217
  1080.23002875	     0.79553463
  1080.71508939	     0.79880338
  1081.20015002	     0.80232885
  1081.68521065	     0.80608150
  1082.17027128	     0.81003215
  1082.65533192	     0.81415232
  1083.14039255	     0.81841449
  1083.62545319	     0.82279241
  1084.11051381	     0.82726127
  1084.59557445	     0.83179785
  1085.08063508	     0.83638070
  1085.56569572	     0.84099017
  1086.05075634	     0.84560842
  1086.53581697	     0.85021948
  1087.02087761	     0.85480914
  1087.50593824	     0.85936487
  1087.99099888	     0.86387574
  1088.47605950	     0.86833224
  1088.96112014	     0.87272612
  1089.44618077	     0.87705025
  1089.93124141	     0.88129837
  1090.41630203	     0.88546498
  1090.90136267	     0.88954507
  1091.38642330	     0.89353400
  1091.87148394	     0.89742732
  1092.35654457	     0.90122062
  1092.84160520	     0.90490942
  1093.32666583	     0.90848905
  1093.81172647	     0.91195458
  1094.29678710	     0.91530081
  1094.78184774	     0.91852222
  1095.26690836	     0.92161301
  1095.75196900	     0.92456714
  1096.23702963	     0.92737838
  1096.72209026	     0.93004045
  1097.20715089	     0.93254708
  1097.69221152	     0.93489217
  1098.17727216	     0.93706994
  1098.66233279	     0.93907503
  1099.14739343	     0.94090272
  1099.63245405	     0.94254902
  1100.11751469	     0.94401083
  1100.60257532	     0.94528608
  1101.08763596	     0.94637381
  1101.57269658	     0.94727431
  1102.05775722	     0.94798914
  1102.54281785	     0.94852122
  1103.02787849	     0.94887481
  1103.51293912	     0.94905555
  1103.99799975	     0.94907036
  1104.48306038	     0.94892743
  1104.96812102	     0.94863613
  1105.45318165	     0.94820685
  1105.93824228	     0.94765092
  1106.42330291	     0.94698043
  1106.90836355	     0.94620809
  1107.39342418	     0.94534703
  1107.87848481	     0.94441063
  1108.36354544	     0.94341235
  1108.84860607	     0.94236553
  1109.33366671	     0.94128325
  1109.81872734	     0.94017816
  1110.30378798	     0.93906231
  1110.78884860	     0.93794708
  1111.27390924	     0.93684302
  1111.75896987	     0.93575979
  1112.24403051	     0.93470613
  1112.72909113	     0.93368975
  1113.21415177	     0.93271740
  1113.69921240	     0.93179480
  1114.18427304	     0.93092672
  1114.66933367	     0.93011700
  1115.15439430	     0.92936862
  1115.63945493	     0.92868376
  1116.12451557	     0.92806389
  1116.60957620	     0.92750984
  1117.09463683	     0.92702192
  1117.57969746	     0.92659998
  1118.06475809	     0.92624349
  1118.54981873	     0.92595166
  1119.03487936	     0.92572348
  1119.51993999	     0.92555781
  1120.00500062	     0.92545339
  1120.49006126	     0.92540897
  1120.97512189	     0.92542329
  1121.46018252	     0.92549511
  1121.94524315	     0.92562326
  1122.43030379	     0.92580665
  1122.91536442	     0.92604428
  1123.40042506	     0.92633521
  1123.88548568	     0.92667861
  1124.37054632	     0.92707372
  1124.85560695	     0.92751985
  1125.34066759	     0.92801637
  1125.82572822	     0.92856269
  1126.31078885	     0.92915826
  1126.79584948	     0.92980252
  1127.28091012	     0.93049491
  1127.76597075	     0.93123480
  1128.25103137	     0.93202149
  1128.73609201	     0.93285418
  1129.22115264	     0.93373189
  1129.70621328	     0.93465343
  1130.19127391	     0.93561735
  1130.67633454	     0.93662186
  1131.16139517	     0.93766478
  1131.64645581	     0.93874346
  1132.13151644	     0.93985467
  1132.61657707	     0.94099458
  1133.10163770	     0.94215861
  1133.58669834	     0.94334138
  1134.07175897	     0.94453662
  1134.55681961	     0.94573706
  1135.04188023	     0.94693442
  1135.52694087	     0.94811925
  1136.01200150	     0.94928094
  1136.49706214	     0.95040763
  1136.98212276	     0.95148621
  1137.46718340	     0.95250225
  1137.95224403	     0.95344005
  1138.43730466	     0.95428263
  1138.92236530	     0.95501176
  1139.40742592	     0.95560805
  1139.89248656	     0.95605099
  1140.37754719	     0.95631914
  1140.86260783	     0.95639016
  1141.34766846	     0.95624110
  1141.83272909	     0.95584848
  1142.31778972	     0.95518862
  1142.80285036	     0.95423781
  1143.28791099	     0.95297267
  1143.77297162	     0.95137041
  1144.25803225	     0.94940920
  1144.74309289	     0.94706853
  1145.22815352	     0.94432958
  1145.71321416	     0.94117569
  1146.19827478	     0.93759267
  1146.68333542	     0.93356933
  1147.16839605	     0.92909782
  1147.65345669	     0.92417408
  1148.13851731	     0.91879822
  1148.62357795	     0.91297484
  1149.10863858	     0.90671342
  1149.59369921	     0.90002851
  1150.07875985	     0.89293994
  1150.56382047	     0.88547296
  1151.04888111	     0.87765829
  1151.53394174	     0.86953202
  1152.01900238	     0.86113546
  1152.50406300	     0.85251488
  1152.98912364	     0.84372117
  1153.47418427	     0.83480925
  1153.95924491	     0.82583760
  1154.44430554	     0.81686744
  1154.92936617	     0.80796202
  1155.41442680	     0.79918571
  1155.89948744	     0.79060304
  1156.38454807	     0.78227773
  1156.86960871	     0.77427165
  1157.35466933	     0.76664377
  1157.83972997	     0.75944915
  1158.32479060	     0.75273793
  1158.80985123	     0.74655442
  1159.29491186	     0.74093625
  1159.77997249	     0.73591359
  1160.26503313	     0.73150856
  1160.75009376	     0.72773473
  1161.23515440	     0.72459682
  1161.72021502	     0.72209045
  1162.20527566	     0.72020225
  1162.69033629	     0.71890996
  1163.17539693	     0.71818278
  1163.66045755	     0.71798191
  1164.14551819	     0.71826118
  1164.63057882	     0.71896790
  1165.11563946	     0.72004373
  1165.60070009	     0.72142577
  1166.08576072	     0.72304764
  1166.57082135	     0.72484073
  1167.05588199	     0.72673536
  1167.54094262	     0.72866205
  1168.02600325	     0.73055278
  1168.51106388	     0.73234217
  1168.99612452	     0.73396863
  1169.48118515	     0.73537546
  1169.96624578	     0.73651184
  1170.45130641	     0.73733367
  1170.93636704	     0.73780441
  1171.42142768	     0.73789562
  1171.90648831	     0.73758749
  1172.39154895	     0.73686919
  1172.87660957	     0.73573899
  1173.36167021	     0.73420432
  1173.84673084	     0.73228164
  1174.33179148	     0.72999613
  1174.81685210	     0.72738126
  1175.30191274	     0.72447823
  1175.78697337	     0.72133525
  1176.27203401	     0.71800670
  1176.75709464	     0.71455224
  1177.24215527	     0.71103576
  1177.72721590	     0.70752430
  1178.21227654	     0.70408690
  1178.69733717	     0.70079343
  1179.18239780	     0.69771339
  1179.66745843	     0.69491475
  1180.15251906	     0.69246276
  1180.63757970	     0.69041890
  1181.12264033	     0.68883978
  1181.60770096	     0.68777628
  1182.09276159	     0.68727265
  1182.57782223	     0.68736583
  1183.06288286	     0.68808488
  1183.54794349	     0.68945053
  1184.03300412	     0.69147494
  1184.51806476	     0.69416156
  1185.00312539	     0.69750516
  1185.48818603	     0.70149205
  1185.97324665	     0.70610043
  1186.45830729	     0.71130083
  1186.94336792	     0.71705675
  1187.42842856	     0.72332537
  1187.91348919	     0.73005838
  1188.39854982	     0.73720282
  1188.88361045	     0.74470204
  1189.36867109	     0.75249669
  1189.85373172	     0.76052565
  1190.33879234	     0.76872704
  1190.82385298	     0.77703914
  1191.30891361	     0.78540128
  1191.79397425	     0.79375467
  1192.27903488	     0.80204312
  1192.76409551	     0.81021373
  1193.24915614	     0.81821742
  1193.73421678	     0.82600938
  1194.21927741	     0.83354940
  1194.70433804	     0.84080210
  1195.18939867	     0.84773705
  1195.67445931	     0.85432878
  1196.15951994	     0.86055668
  1196.64458058	     0.86640485
  1197.12964120	     0.87186182
  1197.61470184	     0.87692024
  1198.09976247	     0.88157649
  1198.58482311	     0.88583026
  1199.06988373	     0.88968410
  1199.55494437	     0.89314293
  1200.04000500	     0.89621354
  1200.52506563	     0.89890416
  1201.01012627	     0.90122393
  1201.49518689	     0.90318251
  1201.98024753	     0.90478961
  1202.46530816	     0.90605467
  1202.95036880	     0.90698647
  1203.43542943	     0.90759289
  1203.92049006	     0.90788067
  1204.40555069	     0.90785520
  1204.89061133	     0.90752046
  1205.37567196	     0.90687889
  1205.86073259	     0.90593146
  1206.34579322	     0.90467767
  1206.83085386	     0.90311568
  1207.31591449	     0.90124247
  1207.80097513	     0.89905408
  1208.28603575	     0.89654584
  1208.77109639	     0.89371269
  1209.25615702	     0.89054954
  1209.74121766	     0.88705163
  1210.22627828	     0.88321492
  1210.71133891	     0.87903655
  1211.19639955	     0.87451522
  1211.68146018	     0.86965162
  1212.16652082	     0.86444886
  1212.65158144	     0.85891285
  1213.13664208	     0.85305263
  1213.62170271	     0.84688069
  1214.10676335	     0.84041323
  1214.59182397	     0.83367032
  1215.07688461	     0.82667597
  1215.56194524	     0.81945820
  1216.04700588	     0.81204894
  1216.53206651	     0.80448382
  1217.01712714	     0.79680194
  1217.50218777	     0.78904545
  1217.98724841	     0.78125909
  1218.47230904	     0.77348966
  1218.95736968	     0.76578531
  1219.44243030	     0.75819487
  1219.92749094	     0.75076706
  1220.41255157	     0.74354968
  1220.89761220	     0.73658879
  1221.38267283	     0.72992783
  1221.86773346	     0.72360687
  1222.35279410	     0.71766174
  1222.83785473	     0.71212337
  1223.32291537	     0.70701709
  1223.80797599	     0.70236208
  1224.29303663	     0.69817090
  1224.77809726	     0.69444908
  1225.26315790	     0.69119497
  1225.74821852	     0.68839954
  1226.23327916	     0.68604638
  1226.71833979	     0.68411185
  1227.20340043	     0.68256530
  1227.68846106	     0.68136933
  1228.17352169	     0.68048025
  1228.65858232	     0.67984854
  1229.14364296	     0.67941939
  1229.62870359	     0.67913324
  1230.11376422	     0.67892640
  1230.59882485	     0.67873165
  1231.08388549	     0.67847883
  1231.56894612	     0.67809544
  1232.05400675	     0.67750718
  1232.53906738	     0.67663848
  1233.02412801	     0.67541305
  1233.50918865	     0.67375428
  1233.99424928	     0.67158576
  1234.47930992	     0.66883168
  1234.96437054	     0.66541731
  1235.44943118	     0.66126941
  1235.93449181	     0.65631672
  1236.41955245	     0.65049052
  1236.90461307	     0.64372512
  1237.38967371	     0.63595861
  1237.87473434	     0.62713349
  1238.35979498	     0.61719756
  1238.84485561	     0.60610476
  1239.32991624	     0.59381622
  1239.81497687	     0.58030128
  1240.30003751	     0.56553868
  1240.78509814	     0.54951774
  1241.27015877	     0.53223958
  1241.75521940	     0.51371833
  1242.24028003	     0.49398234
  1242.72534067	     0.47307524
  1243.21040130	     0.45105696
  1243.69546193	     0.42800455
  1244.18052256	     0.40401274
  1244.66558320	     0.37919438
  1245.15064383	     0.35368049
  1245.63570447	     0.32761997
  1246.12076509	     0.30117909
  1246.60582573	     0.27454043
  1247.09088636	     0.24790161
  1247.57594700	     0.22147351
  1248.06100762	     0.19547815
  1248.54606826	     0.17014627
  1249.03112889	     0.14571448
  1249.51618953	     0.12242223
  1250.00125016	     0.10050848
  1250.48631079	     0.08020826
  1250.97137142	     0.06174903
  1251.45643206	     0.04534716
  1251.94149269	     0.03120435
  1252.42655331	     0.01950421
  1252.91161395	     0.01040910
  1253.39667458	     0.00405719
  1253.88173522	     0.00055995
  1254.36679585	     0.00000000
  1254.85185648	     0.00242950
  1255.33691711	     0.00786901
  1255.82197775	     0.01630696
  1256.30703838	     0.02769960
  1256.79209901	     0.04197161
  1257.27715964	     0.05901724
  1257.76222028	     0.07870194
  1258.24728091	     0.10086452
  1258.73234155	     0.12531980
  1259.21740217	     0.15186151
  1259.70246281	     0.18026565
  1260.18752344	     0.21029400
  1260.67258408	     0.24169779
  1261.15764471	     0.27422147
  1261.64270534	     0.30760651
  1262.12776597	     0.34159502
  1262.61282660	     0.37593327
  1263.09788724	     0.41037506
  1263.58294786	     0.44468466
  1264.06800850	     0.47863955
  1264.55306913	     0.51203272
  1265.03812977	     0.54467462
  1265.52319040	     0.57639468
  1266.00825103	     0.60704244
  1266.49331166	     0.63648819
  1266.97837230	     0.66462336
  1267.46343293	     0.69136038
  1267.94849356	     0.71663231
  1268.43355419	     0.74039209
  1268.91861483	     0.76261159
  1269.40367546	     0.78328038
  1269.88873610	     0.80240429
  1270.37379672	     0.82000397
  1270.85885736	     0.83611318
  1271.34391799	     0.85077711
  1271.82897863	     0.86405076
  1272.31403925	     0.87599714
  1272.79909989	     0.88668573
  1273.28416052	     0.89619086
  1273.76922115	     0.90459026
  1274.25428179	     0.91196368
  1274.73934241	     0.91839167
  1275.22440305	     0.92395442
  1275.70946368	     0.92873081
  1276.19452432	     0.93279753
  1276.67958495	     0.93622838
  1277.16464558	     0.93909361
  1277.64970621	     0.94145950
  1278.13476685	     0.94338793
  1278.61982748	     0.94493614
  1279.10488811	     0.94615652
  1279.58994874	     0.94709656
  1280.07500938	     0.94779875
  1280.56007001	     0.94830072
  1281.04513065	     0.94863526
  1281.53019127	     0.94883054
  1282.01525191	     0.94891025
  1282.50031254	     0.94889390
  1282.98537317	     0.94879703
  1283.47043380	     0.94863154
  1283.95549443	     0.94840601
  1284.44055507	     0.94812597
  1284.92561570	     0.94779433
  1285.41067634	     0.94741162
  1285.89573696	     0.94697644
  1286.38079760	     0.94648570
  1286.86585823	     0.94593502
  1287.35091887	     0.94531904
  1287.83597949	     0.94463167
  1288.32104013	     0.94386646
  1288.80610076	     0.94301679
  1289.29116140	     0.94207615
  1289.77622203	     0.94103831
  1290.26128266	     0.93989756
  1290.74634329	     0.93864880
  1291.23140393	     0.93728771
  1291.71646456	     0.93581083
  1292.20152520	     0.93421562
  1292.68658582	     0.93250052
  1293.17164646	     0.93066496
  1293.65670709	     0.92870935
  1294.14176772	     0.92663510
  1294.62682835	     0.92444454
  1295.11188898	     0.92214091
  1295.59694962	     0.91972832
  1296.08201025	     0.91721167
  1296.56707089	     0.91459663
  1297.05213151	     0.91188959
  1297.53719215	     0.90909759
  1298.02225278	     0.90622836
  1298.50731342	     0.90329019
  1298.99237404	     0.90029202
  1299.47743468	     0.89724337
  1299.96249531	     0.89415438
  1300.44755595	     0.89103577
  1300.93261658	     0.88789890
  1301.41767721	     0.88475577
  1301.90273784	     0.88161904
  1302.38779848	     0.87850198
  1302.87285911	     0.87541856
  1303.35791974	     0.87238335
  1303.84298037	     0.86941156
  1304.32804100	     0.86651893
  1304.81310164	     0.86372171
  1305.29816227	     0.86103652
  1305.78322290	     0.85848028
  1306.26828353	     0.85607005
  1306.75334417	     0.85382286
  1307.23840480	     0.85175554
  1307.72346544	     0.84988451
  1308.20852606	     0.84822558
  1308.69358670	     0.84679369
  1309.17864733	     0.84560268
  1309.66370797	     0.84466508
  1310.14876859	     0.84399184
  1310.63382923	     0.84359214
  1311.11888986	     0.84347314
  1311.60395050	     0.84363983
  1312.08901113	     0.84409484
  1312.57407176	     0.84483831
  1313.05913239	     0.84586781
  1313.54419303	     0.84717827
  1314.02925366	     0.84876194
  1314.51431428	     0.85060844
  1314.99937492	     0.85270480
  1315.48443555	     0.85503560
  1315.96949619	     0.85758304
  1316.45455682	     0.86032719
  1316.93961745	     0.86324619
  1317.42467808	     0.86631646
  1317.90973872	     0.86951299
  1318.39479935	     0.87280963
  1318.87985998	     0.87617941
  1319.36492061	     0.87959481
  1319.84998125	     0.88302810
  1320.33504188	     0.88645167
  1320.82010252	     0.88983832
  1321.30516314	     0.89316157
  1321.79022378	     0.89639591
  1322.27528441	     0.89951711
  1322.76034505	     0.90250244
  1323.24540568	     0.90533088
  1323.73046631	     0.90798330
  1324.21552694	     0.91044265
  1324.70058757	     0.91269409
  1325.18564821	     0.91472504
  1325.67070883	     0.91652534
  1326.15576947	     0.91808724
  1326.64083010	     0.91940544
  1327.12589074	     0.92047707
  1327.61095137	     0.92130170
  1328.09601200	     0.92188125
  1328.58107263	     0.92221998
  1329.06613327	     0.92232434
  1329.55119390	     0.92220292
  1330.03625453	     0.92186629
  1330.52131516	     0.92132693
  1331.00637580	     0.92059904
  1331.49143643	     0.91969840
  1331.97649707	     0.91864221
  1332.46155769	     0.91744893
  1332.94661833	     0.91613805
  1333.43167896	     0.91472996
  1333.91673960	     0.91324570
  1334.40180022	     0.91170677
  1334.88686085	     0.91013487
  1335.37192149	     0.90855177
  1335.85698212	     0.90697895
  1336.34204276	     0.90543749
  1336.82710338	     0.90394773
  1337.31216402	     0.90252911
  1337.79722465	     0.90119991
  1338.28228529	     0.89997703
  1338.76734592	     0.89887578
  1339.25240655	     0.89790969
  1339.73746718	     0.89709037
  1340.22252782	     0.89642730
  1340.70758845	     0.89592777
  1341.19264908	     0.89559677
  1341.67770971	     0.89543697
  1342.16277035	     0.89544865
  1342.64783098	     0.89562983
  1343.13289162	     0.89597624
  1343.61795224	     0.89648152
  1344.10301288	     0.89713733
  1344.58807351	     0.89793355
  1345.07313414	     0.89885854
  1345.55819477	     0.89989935
  1346.04325540	     0.90104206
  1346.52831604	     0.90227202
  1347.01337667	     0.90357423
  1347.49843731	     0.90493359
  1347.98349793	     0.90633525
  1348.46855857	     0.90776493
  1348.95361920	     0.90920913
  1349.43867984	     0.91065546
  1349.92374046	     0.91209279
  1350.40880110	     0.91351148
  1350.89386173	     0.91490352
  1351.37892237	     0.91626256
  1351.86398300	     0.91758403
  1352.34904363	     0.91886506
  1352.83410426	     0.92010449
  1353.31916490	     0.92130274
  1353.80422553	     0.92246166
  1354.28928617	     0.92358436
  1354.77434679	     0.92467504
  1355.25940743	     0.92573868
  1355.74446806	     0.92678086
  1356.22952869	     0.92780746
  1356.71458932	     0.92882443
  1357.19964995	     0.92983752
  1357.68471059	     0.93085201
  1358.16977122	     0.93187256
  1358.65483186	     0.93290294
  1359.13989248	     0.93394592
  1359.62495312	     0.93500310
  1360.11001375	     0.93607487
  1360.59507439	     0.93716031
  1361.08013501	     0.93825719
  1361.56519565	     0.93936204
  1362.05025628	     0.94047015
  1362.53531692	     0.94157572
  1363.02037755	     0.94267198
  1363.50543818	     0.94375136
  1363.99049881	     0.94480566
  1364.47555945	     0.94582622
  1364.96062008	     0.94680421
  1365.44568071	     0.94773074
  1365.93074134	     0.94859717
  1366.41580197	     0.94939525
  1366.90086261	     0.95011733
  1367.38592324	     0.95075654
  1367.87098387	     0.95130697
  1368.35604450	     0.95176375
  1368.84110514	     0.95212320
  1369.32616577	     0.95238289
  1369.81122641	     0.95254170
  1370.29628703	     0.95259982
  1370.78134767	     0.95255876
  1371.26640830	     0.95242129
  1371.75146894	     0.95219142
  1372.23652956	     0.95187427
  1372.72159020	     0.95147599
  1373.20665083	     0.95100363
  1373.69171147	     0.95046503
  1374.17677210	     0.94986864
  1374.66183273	     0.94922338
  1375.14689336	     0.94853851
  1375.63195400	     0.94782345
  1376.11701463	     0.94708764
  1376.60207525	     0.94634039
  1377.08713589	     0.94559074
  1377.57219652	     0.94484734
  1378.05725716	     0.94411831
  1378.54231779	     0.94341112
  1379.02737842	     0.94273254
  1379.51243905	     0.94208846
  1379.99749969	     0.94148391
  1380.48256032	     0.94092290
  1380.96762095	     0.94040841
  1381.45268158	     0.93994233
  1381.93774222	     0.93952540
  1382.42280285	     0.93915720
  1382.90786349	     0.93883611
  1383.39292411	     0.93855930
  1383.87798475	     0.93832274
  1384.36304538	     0.93812120
  1384.84810602	     0.93794829
  1385.33316665	     0.93779648
  1385.81822728	     0.93765720
  1386.30328791	     0.93752087
  1386.78834854	     0.93737701
  1387.27340918	     0.93721440
  1387.75846980	     0.93702114
  1388.24353044	     0.93678491
  1388.72859107	     0.93649308
  1389.21365171	     0.93613293
  1389.69871234	     0.93569191
  1390.18377297	     0.93515783
  1390.66883360	     0.93451912
  1391.15389424	     0.93376512
  1391.63895487	     0.93288628
  1392.12401550	     0.93187447
  1392.60907613	     0.93072317
  1393.09413677	     0.92942773
  1393.57919740	     0.92798556
  1394.06425804	     0.92639626
  1394.54931866	     0.92466182
  1395.03437930	     0.92278664
  1395.51943993	     0.92077760
  1396.00450057	     0.91864405
  1396.48956120	     0.91639772
  1396.97462182	     0.91405263
  1397.45968246	     0.91162491
  1397.94474309	     0.90913253
  1398.42980373	     0.90659510
  1398.91486435	     0.90403353
  1399.39992499	     0.90146966
  1399.88498562	     0.89892591
  1400.37004626	     0.89642492
  1400.85510689	     0.89398910
  1401.34016752	     0.89164028
  1401.82522815	     0.88939930
  1402.31028879	     0.88728569
  1402.79534942	     0.88531730
  1403.28041005	     0.88351004
  1403.76547068	     0.88187763
  1404.25053132	     0.88043143
  1404.73559195	     0.87918026
  1405.22065259	     0.87813035
  1405.70571321	     0.87728532
  1406.19077385	     0.87664618
  1406.67583448	     0.87621146
  1407.16089511	     0.87597732
  1407.64595574	     0.87593771
  1408.13101637	     0.87608463
  1408.61607701	     0.87640832
  1409.10113764	     0.87689756
  1409.58619828	     0.87753997
  1410.07125890	     0.87832224
  1410.55631954	     0.87923047
  1411.04138017	     0.88025043
  1411.52644081	     0.88136785
  1412.01150144	     0.88256865
  1412.49656207	     0.88383916
  1412.98162270	     0.88516639
  1413.46668334	     0.88653810
  1413.95174397	     0.88794306
  1414.43680460	     0.88937106
  1414.92186523	     0.89081307
  1415.40692587	     0.89226124
  1415.89198650	     0.89370895
  1416.37704714	     0.89515078
  1416.86210776	     0.89658248
  1417.34716840	     0.89800094
  1417.83222903	     0.89940405
  1418.31728966	     0.90079066
  1418.80235029	     0.90216041
  1419.28741092	     0.90351366
  1419.77247156	     0.90485131
  1420.25753219	     0.90617465
  1420.74259283	     0.90748526
  1421.22765345	     0.90878482
  1421.71271409	     0.91007500
  1422.19777472	     0.91135729
  1422.68283536	     0.91263292
  1423.16789598	     0.91390270
  1423.65295662	     0.91516694
  1424.13801725	     0.91642534
  1424.62307789	     0.91767695
  1425.10813852	     0.91892009
  1425.59319915	     0.92015229
  1426.07825978	     0.92137028
  1426.56332042	     0.92256997
  1427.04838105	     0.92374643
  1427.53344169	     0.92489390
  1428.01850231	     0.92600581
  1428.50356294	     0.92707478
  1428.98862358	     0.92809264
  1429.47368421	     0.92905046
  1429.95874484	     0.92993859
  1430.44380547	     0.93074662
  1430.92886611	     0.93146347
  1431.41392674	     0.93207738
  1431.89898738	     0.93257593
  1432.38404800	     0.93294604
  1432.86910864	     0.93317404
  1433.35416927	     0.93324566
  1433.83922991	     0.93314609
  1434.32429053	     0.93286000
  1434.80935117	     0.93237163
  1435.29441180	     0.93166483
  1435.77947244	     0.93072320
  1436.26453307	     0.92953017
  1436.74959370	     0.92806914
  1437.23465433	     0.92632367
  1437.71971497	     0.92427762
  1438.20477560	     0.92191541
  1438.68983622	     0.91922221
  1439.17489686	     0.91618421
  1439.65995749	     0.91278887
  1440.14501813	     0.90902521
  1440.63007876	     0.90488407
  1441.11513939	     0.90035841
  1441.60020002	     0.89544360
  1442.08526066	     0.89013764
  1442.57032129	     0.88444145
  1443.05538193	     0.87835908
  1443.54044255	     0.87189789
  1444.02550319	     0.86506874
  1444.51056382	     0.85788609
  1444.99562446	     0.85036810
  1445.48068508	     0.84253661
  1445.96574572	     0.83441719
  1446.45080635	     0.82603903
  1446.93586699	     0.81743485
  1447.42092762	     0.80864072
  1447.90598825	     0.79969584
  1448.39104888	     0.79064233
  1448.87610951	     0.78152488
  1449.36117015	     0.77239046
  1449.84623077	     0.76328793
  1450.33129141	     0.75426767
  1450.81635204	     0.74538113
  1451.30141268	     0.73668044
  1451.78647331	     0.72821796
  1452.27153394	     0.72004579
  1452.75659457	     0.71221539
  1453.24165521	     0.70477706
  1453.72671584	     0.69777956
  1454.21177647	     0.69126964
  1454.69683710	     0.68529168
  1455.18189774	     0.67988725
  1455.66695837	     0.67509476
  1456.15201901	     0.67094913
  1456.63707963	     0.66748145
  1457.12214027	     0.66471874
  1457.60720090	     0.66268366
  1458.09226154	     0.66139430
  1458.57732217	     0.66086400
  1459.06238280	     0.66110124
  1459.54744343	     0.66210950
  1460.03250406	     0.66388720
  1460.51756470	     0.66642770
  1461.00262532	     0.66971934
  1461.48768596	     0.67374546
  1461.97274659	     0.67848455
  1462.45780723	     0.68391042
  1462.94286786	     0.68999238
  1463.42792849	     0.69669551
  1463.91298912	     0.70398094
  1464.39804976	     0.71180621
  1464.88311039	     0.72012561
  1465.36817102	     0.72889062
  1465.85323165	     0.73805034
  1466.33829229	     0.74755197
  1466.82335292	     0.75734128
  1467.30841356	     0.76736310
  1467.79347418	     0.77756186
  1468.27853482	     0.78788209
  1468.76359545	     0.79826889
  1469.24865608	     0.80866842
  1469.73371671	     0.81902838
  1470.21877734	     0.82929840
  1470.70383798	     0.83943043
  1471.18889861	     0.84937909
  1471.67395925	     0.85910191
  1472.15901987	     0.86855961
  1472.64408051	     0.87771621
  1473.12914114	     0.88653913
  1473.61420178	     0.89499925
  1474.09926241	     0.90307084
  1474.58432304	     0.91073148
  1475.06938367	     0.91796184
  1475.55444431	     0.92474551
  1476.03950494	     0.93106869
  1476.52456557	     0.93691984
  1477.00962620	     0.94228936
  1477.49468684	     0.94716910
  1477.97974747	     0.95155201
  1478.46480811	     0.95543166
  1478.94986873	     0.95880177
  1479.43492937	     0.96165581
  1479.91999000	     0.96398655
  1480.40505063	     0.96578566
  1480.89011126	     0.96704340
  1481.37517189	     0.96774826
  1481.86023253	     0.96788674
  1482.34529316	     0.96744321
  1482.83035380	     0.96639980
  1483.31541442	     0.96473638
  1483.80047506	     0.96243074
  1484.28553569	     0.95945869
  1484.77059633	     0.95579446
  1485.25565695	     0.95141110
  1485.74071759	     0.94628099
  1486.22577822	     0.94037650
  1486.71083886	     0.93367073
  1487.19589949	     0.92613838
  1487.68096012	     0.91775662
  1488.16602075	     0.90850615
  1488.65108139	     0.89837219
  1489.13614202	     0.88734562
  1489.62120265	     0.87542403
  1490.10626328	     0.86261284
  1490.59132391	     0.84892633
  1491.07638455	     0.83438859
  1491.56144518	     0.81903443
  1492.04650581	     0.80291008
  1492.53156644	     0.78607380
  1493.01662708	     0.76859623
  1493.50168771	     0.75056059
  1493.98674835	     0.73206262
  1494.47180897	     0.71321022
  1494.95686961	     0.69412286
  1495.44193024	     0.67493077
  1495.92699088	     0.65577369
  1496.41205150	     0.63679955
  1496.89711214	     0.61816272
  1497.38217277	     0.60002215
  1497.86723341	     0.58253926
  1498.35229404	     0.56587564
  1498.83735467	     0.55019069
  1499.32241530	     0.53563911
  1499.80747594	     0.52236848
  1500.29253657	     0.51051674
  1500.77759719	     0.50020986
  1501.26265783	     0.49155966
  1501.74771846	     0.48466177
  1502.23277910	     0.47959387
  1502.71783973	     0.47641430
  1503.20290036	     0.47516088
  1503.68796099	     0.47585023
  1504.17302163	     0.47847736
  1504.65808226	     0.48301573
  1505.14314290	     0.48941772
  1505.62820352	     0.49761545
  1506.11326416	     0.50752194
  1506.59832479	     0.51903272
  1507.08338543	     0.53202762
  1507.56844605	     0.54637289
  1508.05350669	     0.56192351
  1508.53856732	     0.57852562
  1509.02362796	     0.59601907
  1509.50868859	     0.61423999
  1509.99374922	     0.63302335
  1510.47880985	     0.65220540
  1510.96387048	     0.67162602
  1511.44893112	     0.69113088
  1511.93399174	     0.71057337
  1512.41905238	     0.72981627
  1512.90411301	     0.74873323
  1513.38917365	     0.76720984
  1513.87423428	     0.78514452
  1514.35929491	     0.80244906
  1514.84435554	     0.81904889
  1515.32941618	     0.83488308
  1515.81447681	     0.84990411
  1516.29953744	     0.86407739
  1516.78459807	     0.87738063
  1517.26965871	     0.88980298
  1517.75471934	     0.90134413
  1518.23977998	     0.91201324
  1518.72484060	     0.92182782
  1519.20990124	     0.93081261
  1519.69496187	     0.93899845
  1520.18002251	     0.94642108
  1520.66508314	     0.95312015
  1521.15014376	     0.95913809
  1521.63520440	     0.96451924
  1522.12026503	     0.96930891
  1522.60532567	     0.97355266
  1523.09038629	     0.97729559
  1523.57544693	     0.98058175
  1524.06050756	     0.98345368
  1524.54556820	     0.98595198
  1525.03062883	     0.98811505
  1525.51568946	     0.98997885
  1526.00075009	     0.99157670
  1526.48581073	     0.99293928
  1526.97087136	     0.99409454
  1527.45593199	     0.99506774
  1527.94099262	     0.99588147
  1528.42605326	     0.99655580
  1528.91111389	     0.99710833
  1529.39617453	     0.99755434
  1529.88123515	     0.99790694
  1530.36629579	     0.99817718
  1530.85135642	     0.99837422
  1531.33641705	     0.99850546
  1531.82147768	     0.99857667
  1532.30653831	     0.99859215
  1532.79159895	     0.99855485
  1533.27665958	     0.99846646
  1533.76172022	     0.99832757
  1534.24678084	     0.99813775
  1534.73184148	     0.99789566
  1535.21690211	     0.99759917
  1535.70196275	     0.99724543
  1536.18702338	     0.99683101
  1536.67208401	     0.99635196
  1537.15714464	     0.99580398
  1537.64220528	     0.99518246
  1538.12726591	     0.99448263
  1538.61232654	     0.99369971
  1539.09738717	     0.99282899
  1539.58244781	     0.99186601
  1540.06750844	     0.99080666
  1540.55256908	     0.98964737
  1541.03762970	     0.98838523
  1541.52269034	     0.98701815
  1542.00775097	     0.98554500
  1542.49281160	     0.98396577
  1542.97787223	     0.98228169
  1543.46293286	     0.98049534
  1543.94799350	     0.97861080
  1544.43305413	     0.97663367
  1544.91811477	     0.97457119
  1545.40317539	     0.97243224
  1545.88823603	     0.97022737
  1546.37329666	     0.96796873
  1546.85835730	     0.96567006
  1547.34341793	     0.96334656
  1547.82847856	     0.96101472
  1548.31353919	     0.95869224
  1548.79859983	     0.95639772
  1549.28366046	     0.95415049
  1549.76872109	     0.95197034
  1550.25378172	     0.94987719
  1550.73884236	     0.94789083
  1551.22390299	     0.94603060
  1551.70896363	     0.94431502
  1552.19402425	     0.94276155
  1552.67908488	     0.94138623
  1553.16414552	     0.94020338
  1553.64920615	     0.93922538
  1554.13426678	     0.93846241
  1554.61932741	     0.93792224
  1555.10438805	     0.93761008
  1555.58944868	     0.93752848
  1556.07450932	     0.93767723
  1556.55956994	     0.93805339
  1557.04463058	     0.93865126
  1557.52969121	     0.93946253
  1558.01475185	     0.94047633
  1558.49981247	     0.94167944
  1558.98487311	     0.94305647
  1559.46993374	     0.94459011
  1559.95499438	     0.94626136
  1560.44005501	     0.94804984
  1560.92511564	     0.94993404
  1561.41017627	     0.95189166
  1561.89523691	     0.95389986
  1562.38029754	     0.95593559
  1562.86535817	     0.95797581
  1563.35041880	     0.95999784
  1563.83547943	     0.96197951
  1564.32054007	     0.96389944
  1564.80560070	     0.96573723
  1565.29066133	     0.96747359
  1565.77572196	     0.96909057
  1566.26078260	     0.97057159
  1566.74584323	     0.97190162
  1567.23090387	     0.97306721
  1567.71596449	     0.97405660
  1568.20102513	     0.97485972
  1568.68608576	     0.97546826
  1569.17114640	     0.97587567
  1569.65620702	     0.97607720
  1570.14126766	     0.97606989
  1570.62632829	     0.97585257
  1571.11138893	     0.97542590
  1571.59644956	     0.97479229
  1572.08151019	     0.97395596
  1572.56657082	     0.97292289
  1573.05163145	     0.97170081
  1573.53669209	     0.97029915
  1574.02175271	     0.96872902
  1574.50681335	     0.96700317
  1574.99187398	     0.96513586
  1575.47693462	     0.96314286
  1575.96199525	     0.96104128
  1576.44705588	     0.95884948
  1576.93211651	     0.95658693
  1577.41717715	     0.95427401
  1577.90223778	     0.95193187
  1578.38729842	     0.94958219
  1578.87235904	     0.94724696
  1579.35741968	     0.94494823
  1579.84248031	     0.94270789
  1580.32754095	     0.94054734
  1580.81260157	     0.93848727
  1581.29766221	     0.93654733
  1581.78272284	     0.93474590
  1582.26778348	     0.93309975
  1582.75284411	     0.93162385
  1583.23790473	     0.93033104
  1583.72296537	     0.92923185
  1584.20802600	     0.92833423
  1584.69308664	     0.92764341
  1585.17814726	     0.92716165
  1585.66320790	     0.92688816
  1586.14826853	     0.92681890
  1586.63332917	     0.92694656
  1587.11838980	     0.92726040
  1587.60345043	     0.92774625
  1588.08851106	     0.92838647
  1588.57357170	     0.92915991
  1589.05863233	     0.93004193
  1589.54369296	     0.93100446
  1590.02875359	     0.93201599
  1590.51381423	     0.93304167
  1590.99887486	     0.93404338
  1591.48393550	     0.93497984
  1591.96899612	     0.93580670
  1592.45405676	     0.93647676
  1592.93911739	     0.93694010
  1593.42417802	     0.93714431
  1593.90923866	     0.93703476
  1594.39429928	     0.93655491
  1594.87935992	     0.93564669
  1595.36442055	     0.93425092
  1595.84948119	     0.93230782
  1596.33454181	     0.92975755
  1596.81960245	     0.92654095
  1597.30466308	     0.92260021
  1597.78972372	     0.91787970
  1598.27478435	     0.91232691
  1598.75984498	     0.90589340
  1599.24490561	     0.89853585
  1599.72996625	     0.89021716
  1600.21502688	     0.88090758
  1600.70008751	     0.87058585
  1601.18514814	     0.85924038
  1601.67020878	     0.84687031
  1602.15526941	     0.83348661
  1602.64033005	     0.81911296
  1603.12539067	     0.80378665
  1603.61045131	     0.78755915
  1604.09551194	     0.77049664
  1604.58057257	     0.75268022
  1605.06563320	     0.73420585
  1605.55069383	     0.71518411
  1606.03575447	     0.69573956
  1606.52081510	     0.67600985
  1607.00587574	     0.65614452
  1607.49093636	     0.63630344
  1607.97599700	     0.61665500
  1608.46105763	     0.59737406
  1608.94611827	     0.57863959
  1609.43117890	     0.56063213
  1609.91623953	     0.54353116
  1610.40130016	     0.52751224
  1610.88636080	     0.51274428
  1611.37142143	     0.49938666
  1611.85648206	     0.48758659
  1612.34154269	     0.47747650
  1612.82660333	     0.46917173
  1613.31166396	     0.46276845
  1613.79672459	     0.45834193
  1614.28178522	     0.45594515
  1614.76684585	     0.45560789
  1615.25190649	     0.45733615
  1615.73696712	     0.46111209
  1616.22202775	     0.46689441
  1616.70708838	     0.47461916
  1617.19214902	     0.48420097
  1617.67720965	     0.49553464
  1618.16227029	     0.50849715
  1618.64733091	     0.52294989
  1619.13239155	     0.53874115
  1619.61745218	     0.55570881
  1620.10251282	     0.57368310
  1620.58757344	     0.59248943
  1621.07263408	     0.61195122
  1621.55769471	     0.63189259
  1622.04275535	     0.65214099
  1622.52781598	     0.67252954
  1623.01287661	     0.69289924
  1623.49793724	     0.71310084
  1623.98299788	     0.73299647
  1624.46805851	     0.75246090
  1624.95311914	     0.77138252
  1625.43817977	     0.78966398
  1625.92324040	     0.80722257
  1626.40830104	     0.82399021
  1626.89336167	     0.83991329
  1627.37842230	     0.85495213
  1627.86348293	     0.86908037
  1628.34854357	     0.88228406
  1628.83360420	     0.89456066
  1629.31866484	     0.90591796
  1629.80372546	     0.91637288
  1630.28878610	     0.92595023
  1630.77384673	     0.93468150
  1631.25890737	     0.94260364
  1631.74396799	     0.94975788
  1632.22902863	     0.95618864
  1632.71408926	     0.96194248
  1633.19914990	     0.96706718
  1633.68421053	     0.97161088
  1634.16927116	     0.97562138
  1634.65433179	     0.97914548
  1635.13939242	     0.98222845
  1635.62445306	     0.98491367
  1636.10951368	     0.98724221
  1636.59457432	     0.98925268
  1637.07963495	     0.99098101
  1637.56469559	     0.99246040
  1638.04975622	     0.99372129
  1638.53481685	     0.99479135
  1639.01987748	     0.99569561
  1639.50493812	     0.99645652
  1639.98999875	     0.99709411
  1640.47505939	     0.99762611
  1640.96012001	     0.99806815
  1641.44518065	     0.99843392
  1641.93024128	     0.99873530
  1642.41530192	     0.99898260
  1642.90036254	     0.99918469
  1643.38542318	     0.99934914
  1643.87048381	     0.99948242
  1644.35554445	     0.99958998
  1644.84060508	     0.99967644
  1645.32566571	     0.99974565
  1645.81072634	     0.99980082
  1646.29578697	     0.99984463
  1646.78084761	     0.99987926
  1647.26590823	     0.99990654
  1647.75096887	     0.99992793
  1648.23602950	     0.99994464
  1648.72109014	     0.99995764
  1649.20615077	     0.99996771
  1649.69121140	     0.99997548
  1650.17627203	     0.99998145
  1650.66133267	     0.99998602
  1651.14639330	     0.99998951
  1651.63145393	     0.99999216
  1652.11651456	     0.99999416
  1652.60157520	     0.99999567
  1653.08663583	     0.99999680
  1653.57169647	     0.99999764
  1654.05675709	     0.99999827
  1654.54181773	     0.99999874
  1655.02687836	     0.99999908
  1655.51193899	     0.99999933
  1655.99699963	     0.99999952
  1656.48206025	     0.99999965
  1656.96712089	     0.99999975
  1657.45218152	     0.99999982
  1657.93724216	     0.99999987
  1658.42230278	     0.99999991
  1658.90736342	     0.99999994
  1659.39242405	     0.99999996
  1659.87748469	     0.99999997
  1660.36254532	     0.99999998
  1660.84760595	     0.99999998
  1661.33266658	     0.99999999
  1661.81772722	     0.99999999
  1662.30278785	     1.00000000
  1662.78784848	     1.00000000
  1663.27290911	     1.00000000
  1663.75796975	     1.00000000
  1664.24303038	     1.00000000
  1664.72809102	     1.00000000
  1665.21315164	     1.00000000
  1665.69821228	     1.00000000
  1666.18327291	     1.00000000
  1666.66833354	     1.00000000
  1667.15339417	     1.00000000
  1667.63845480	     1.00000000
  1668.12351544	     1.00000000
  1668.60857607	     1.00000000
  1669.09363671	     1.00000000
  1669.57869733	     1.00000000
  1670.06375797	     1.00000000
  1670.54881860	     1.00000000
  1671.03387924	     1.00000000
  1671.51893987	     1.00000000
  1672.00400050	     1.00000000
  1672.48906113	     1.00000000
  1672.97412177	     1.00000000
  1673.45918240	     1.00000000
  1673.94424303	     1.00000000
  1674.42930366	     1.00000000
  1674.91436430	     1.00000000
  1675.39942493	     1.00000000
  1675.88448556	     1.00000000
  1676.36954619	     1.00000000
  1676.85460682	     1.00000000
  1677.33966746	     1.00000000
  1677.82472809	     1.00000000
  1678.30978872	     1.00000000
  1678.79484935	     1.00000000
  1679.27990999	     1.00000000
  1679.76497062	     1.00000000
  1680.25003126	     1.00000000
  1680.73509188	     1.00000000
  1681.22015252	     1.00000000
  1681.70521315	     1.00000000
  1682.19027379	     1.00000000
  1682.67533441	     1.00000000
  1683.16039505	     1.00000000
  1683.64545568	     1.00000000
  1684.13051632	     1.00000000
  1684.61557695	     1.00000000
  1685.10063758	     1.00000000
  1685.58569821	     1.00000000
  1686.07075885	     1.00000000
  1686.55581948	     1.00000000
  1687.04088011	     1.00000000
  1687.52594074	     1.00000000
  1688.01100137	     1.00000000
  1688.49606201	     1.00000000
  1688.98112264	     1.00000000
  1689.46618327	     1.00000000
  1689.95124390	     1.00000000
  1690.43630454	     1.00000000
  1690.92136517	     1.00000000
  1691.40642581	     1.00000000
  1691.89148643	     1.00000000
  1692.37654707	     1.00000000
  1692.86160770	     1.00000000
  1693.34666834	     1.00000000
  1693.83172896	     1.00000000
  1694.31678960	     1.00000000
  1694.80185023	     1.00000000
  1695.28691087	     1.00000000
  1695.77197150	     1.00000000
  1696.25703213	     1.00000000
  1696.74209276	     1.00000000
  1697.22715339	     1.00000000
  1697.71221403	     1.00000000
  1698.19727465	     1.00000000
  1698.68233529	     1.00000000
  1699.16739592	     1.00000000
  1699.65245656	     1.00000000
  1700.13751719	     1.00000000
  1700.62257782	     1.00000000
  1701.10763845	     1.00000000
  1701.59269909	     1.00000000
  1702.07775972	     1.00000000
  1702.56282036	     1.00000000
  1703.04788098	     1.00000000
  1703.53294162	     1.00000000
  1704.01800225	     1.00000000
  1704.50306289	     1.00000000
  1704.98812351	     1.00000000
  1705.47318415	     1.00000000
  1705.95824478	     1.00000000
  1706.44330542	     1.00000000
  1706.92836605	     1.00000000
  1707.41342667	     1.00000000
  1707.89848731	     1.00000000
  1708.38354794	     1.00000000
  1708.86860858	     1.00000000
  1709.35366920	     1.00000000
  1709.83872984	     1.00000000
  1710.32379047	     1.00000000
  1710.80885111	     1.00000000
  1711.29391174	     1.00000000
  1711.77897237	     1.00000000
  1712.26403300	     1.00000000
  1712.74909364	     1.00000000
  1713.23415427	     1.00000000
  1713.71921491	     1.00000000
  1714.20427553	     1.00000000
  1714.68933617	     1.00000000
  1715.17439680	     1.00000000
  1715.65945744	     1.00000000
  1716.14451806	     1.00000000
  1716.62957870	     1.00000000
  1717.11463933	     1.00000000
  1717.59969996	     1.00000000
  1718.08476060	     1.00000000
  1718.56982122	     1.00000000
  1719.05488186	     1.00000000
  1719.53994249	     1.00000000
  1720.02500313	     1.00000000
  1720.51006375	     1.00000000
  1720.99512439	     1.00000000
  1721.48018502	     1.00000000
  1721.96524566	     1.00000000
  1722.45030629	     1.00000000
  1722.93536692	     1.00000000
  1723.42042755	     1.00000000
  1723.90548819	     1.00000000
  1724.39054882	     1.00000000
  1724.87560945	     1.00000000
  1725.36067008	     1.00000000
  1725.84573072	     1.00000000
  1726.33079135	     1.00000000
  1726.81585199	     1.00000000
  1727.30091261	     1.00000000
  1727.78597325	     1.00000000
  1728.27103388	     1.00000000
  1728.75609451	     1.00000000
  1729.24115515	     1.00000000
  1729.72621577	     1.00000000
  1730.21127641	     1.00000000
  1730.69633704	     1.00000000
  1731.18139768	     1.00000000
  1731.66645830	     1.00000000
  1732.15151894	     1.00000000
  1732.63657957	     1.00000000
  1733.12164021	     1.00000000
  1733.60670084	     1.00000000
  1734.09176147	     1.00000000
  1734.57682210	     1.00000000
  1735.06188274	     1.00000000
  1735.54694337	     1.00000000
  1736.03200400	     1.00000000
  1736.51706463	     1.00000000
  1737.00212527	     1.00000000
  1737.48718590	     1.00000000
  1737.97224654	     1.00000000
  1738.45730716	     1.00000000
  1738.94236779	     1.00000000
  1739.42742843	     1.00000000
  1739.91248906	     1.00000000
  1740.39754969	     1.00000000
  1740.88261032	     1.00000000
  1741.36767096	     1.00000000
  1741.85273159	     1.00000000
  1742.33779223	     1.00000000
  1742.82285285	     1.00000000
  1743.30791349	     1.00000000
  1743.79297412	     1.00000000
  1744.27803476	     1.00000000
  1744.76309539	     1.00000000
  1745.24815602	     1.00000000
  1745.73321665	     1.00000000
  1746.21827729	     1.00000000
  1746.70333792	     1.00000000
  1747.18839855	     1.00000000
  1747.67345918	     1.00000000
  1748.15851982	     1.00000000
  1748.64358045	     1.00000000
  1749.12864108	     1.00000000
  1749.61370171	     1.00000000
  1750.09876234	     1.00000000
  1750.58382298	     1.00000000
  1751.06888361	     1.00000000
  1751.55394424	     1.00000000
  1752.03900487	     1.00000000
  1752.52406551	     1.00000000
  1753.00912614	     1.00000000
  1753.49418678	     1.00000000
  1753.97924740	     1.00000000
  1754.46430804	     1.00000000
  1754.94936867	     1.00000000
  1755.43442931	     1.00000000
  1755.91948993	     1.00000000
  1756.40455057	     1.00000000
  1756.88961120	     1.00000000
  1757.37467184	     1.00000000
  1757.85973247	     1.00000000
  1758.34479310	     1.00000000
  1758.82985373	     1.00000000
  1759.31491436	     1.00000000
  1759.79997500	     1.00000000
  1760.28503563	     1.00000000
  1760.77009626	     1.00000000
  1761.25515689	     1.00000000
  1761.74021753	     1.00000000
  1762.22527816	     1.00000000
  1762.71033879	     1.00000000
  1763.19539942	     1.00000000
  1763.68046006	     1.00000000
  1764.16552069	     1.00000000
  1764.65058133	     1.00000000
  1765.13564195	     1.00000000
  1765.62070259	     1.00000000
  1766.10576322	     1.00000000
  1766.59082386	     1.00000000
  1767.07588448	     1.00000000
  1767.56094512	     1.00000000
  1768.04600575	     1.00000000
  1768.53106639	     1.00000000
  1769.01612702	     1.00000000
  1769.50118764	     1.00000000
  1769.98624828	     1.00000000
  1770.47130891	     1.00000000
  1770.95636955	     1.00000000
  1771.44143017	     1.00000000
  1771.92649081	     1.00000000
  1772.41155144	     1.00000000
  1772.89661208	     1.00000000
  1773.38167271	     1.00000000
  1773.86673334	     1.00000000
  1774.35179397	     1.00000000
  1774.83685461	     1.00000000
  1775.32191524	     1.00000000
  1775.80697588	     1.00000000
  1776.29203650	     1.00000000
  1776.77709714	     1.00000000
  1777.26215777	     1.00000000
  1777.74721841	     1.00000000
  1778.23227903	     1.00000000
  1778.71733967	     1.00000000
  1779.20240030	     1.00000000
  1779.68746093	     1.00000000
  1780.17252157	     1.00000000
  1780.65758219	     1.00000000
