   890.11126391	    -0.04314065
   890.61132642	    -0.04482941
   891.11138892	    -0.04663038
   891.61145143	    -0.04855226
   892.11151394	    -0.05060456
   892.61157645	    -0.05279764
   893.11163895	    -0.05514283
   893.61170146	    -0.05765248
   894.11176397	    -0.06034006
   894.61182648	    -0.06322024
   895.11188899	    -0.06630899
   895.61195149	    -0.06962365
   896.11201400	    -0.07318299
   896.61207651	    -0.07700731
   897.11213902	    -0.08111842
   897.61220153	    -0.08553964
   898.11226403	    -0.09029574
   898.61232654	    -0.09541279
   899.11238905	    -0.10091791
   899.61245156	    -0.10683881
   900.11251406	    -0.11320328
   900.61257657	    -0.12003825
   901.11263908	    -0.12736872
   901.61270159	    -0.13521619
   902.11276410	    -0.14359670
   902.61282660	    -0.15251841
   903.11288911	    -0.16197862
   903.61295162	    -0.17196037
   904.11301413	    -0.18242863
   904.61307663	    -0.19332648
   905.11313914	    -0.20457146
   905.61320165	    -0.21605291
   906.11326416	    -0.22763075
   906.61332667	    -0.23913663
   907.11338917	    -0.25037800
   907.61345168	    -0.26114553
   908.11351419	    -0.27122351
   908.61357670	    -0.28040264
   909.11363921	    -0.28849342
   909.61370171	    -0.29533832
   910.11376422	    -0.30082074
   910.61382673	    -0.30486918
   911.11388924	    -0.30745627
   911.61395174	    -0.30859302
   912.11401425	    -0.30832010
   912.61407676	    -0.30669841
   913.11413927	    -0.30380117
   913.61420177	    -0.29970917
   914.11426428	    -0.29450981
   914.61432679	    -0.28829902
   915.11438930	    -0.28118439
   915.61445181	    -0.27328755
   916.11451431	    -0.26474406
   916.61457682	    -0.25570010
   917.11463933	    -0.24630646
   917.61470184	    -0.23671102
   918.11476435	    -0.22705145
   918.61482685	    -0.21744955
   919.11488936	    -0.20800807
   919.61495187	    -0.19881007
   920.11501438	    -0.18992019
   920.61507689	    -0.18138679
   921.11513939	    -0.17324408
   921.61520190	    -0.16551345
   922.11526441	    -0.15820388
   922.61532692	    -0.15131175
   923.11538942	    -0.14482043
   923.61545193	    -0.13870054
   924.11551444	    -0.13291128
   924.61557695	    -0.12740313
   925.11563945	    -0.12212186
   925.61570196	    -0.11701334
   926.11576447	    -0.11202855
   926.61582698	    -0.10712779
   927.11588949	    -0.10228357
   927.61595199	    -0.09748170
   928.11601450	    -0.09272053
   928.61607701	    -0.08800876
   929.11613952	    -0.08336240
   929.61620203	    -0.07880142
   930.11626453	    -0.07434677
   930.61632704	    -0.07001799
   931.11638955	    -0.06583155
   931.61645206	    -0.06180003
   932.11651456	    -0.05793182
   932.61657707	    -0.05423130
   933.11663958	    -0.05069930
   933.61670209	    -0.04733370
   934.11676460	    -0.04412999
   934.61682710	    -0.04108193
   935.11688961	    -0.03818204
   935.61695212	    -0.03542203
   936.11701463	    -0.03279316
   936.61707714	    -0.03028651
   937.11713964	    -0.02789320
   937.61720215	    -0.02560450
   938.11726466	    -0.02341196
   938.61732717	    -0.02130746
   939.11738967	    -0.01928326
   939.61745218	    -0.01733200
   940.11751469	    -0.01544670
   940.61757720	    -0.01362074
   941.11763970	    -0.01184789
   941.61770221	    -0.01012222
   942.11776472	    -0.00843812
   942.61782723	    -0.00679024
   943.11788974	    -0.00517352
   943.61795224	    -0.00358306
   944.11801475	    -0.00201421
   944.61807726	    -0.00046243
   945.11813977	     0.00107664
   945.61820228	     0.00260728
   946.11826478	     0.00413369
   946.61832729	     0.00565999
   947.11838980	     0.00719028
   947.61845231	     0.00872868
   948.11851481	     0.01027930
   948.61857732	     0.01184630
   949.11863983	     0.01343392
   949.61870234	     0.01504650
   950.11876485	     0.01668850
   950.61882735	     0.01836453
   951.11888986	     0.02007939
   951.61895237	     0.02183810
   952.11901488	     0.02364591
   952.61907738	     0.02550838
   953.11913989	     0.02743137
   953.61920240	     0.02942111
   954.11926491	     0.03148425
   954.61932742	     0.03362788
   955.11938992	     0.03585962
   955.61945243	     0.03818762
   956.11951494	     0.04062069
   956.61957745	     0.04316833
   957.11963996	     0.04584081
   957.61970246	     0.04864923
   958.11976497	     0.05160564
   958.61982748	     0.05472312
   959.11988999	     0.05801586
   959.61995249	     0.06149929
   960.12001500	     0.06519020
   960.62007751	     0.06910678
   961.12014002	     0.07326885
   961.62020252	     0.07769786
   962.12026503	     0.08241708
   962.62032754	     0.08745163
   963.12039005	     0.09282858
   963.62045256	     0.09857696
   964.12051506	     0.10472771
   964.62057757	     0.11131362
   965.12064008	     0.11836904
   965.62070259	     0.12592950
   966.12076510	     0.13403115
   966.62082760	     0.14270986
   967.12089011	     0.15200002
   967.62095262	     0.16193289
   968.12101513	     0.17253438
   968.62107764	     0.18382233
   969.12114014	     0.19580295
   969.62120265	     0.20846663
   970.12126516	     0.22178310
   970.62132767	     0.23569597
   971.12139017	     0.25011731
   971.62145268	     0.26492247
   972.12151519	     0.27994631
   972.62157770	     0.29498166
   973.12164020	     0.30978130
   973.62170271	     0.32406446
   974.12176522	     0.33752860
   974.62182773	     0.34986632
   975.12189024	     0.36078637
   975.62195274	     0.37003662
   976.12201525	     0.37742589
   976.62207776	     0.38284132
   977.12214027	     0.38625835
   977.62220278	     0.38774150
   978.12226528	     0.38743568
   978.62232779	     0.38554980
   979.12239030	     0.38233522
   979.62245281	     0.37806268
   980.12251531	     0.37300078
   980.62257782	     0.36739847
   981.12264033	     0.36147266
   981.62270284	     0.35540097
   982.12276535	     0.34931863
   982.62282785	     0.34331826
   983.12289036	     0.33745117
   983.62295287	     0.33172910
   984.12301538	     0.32612614
   984.62307789	     0.32058066
   985.12314039	     0.31499780
   985.62320290	     0.30925276
   986.12326541	     0.30319554
   986.62332792	     0.29665708
   987.12339042	     0.28945704
   987.62345293	     0.28141314
   988.12351544	     0.27235167
   988.62357795	     0.26211882
   989.12364045	     0.25059204
   989.62370296	     0.23769017
   990.12376547	     0.22338130
   990.62382798	     0.20768715
   991.12389049	     0.19068341
   991.62395299	     0.17249636
   992.12401550	     0.15329668
   992.62407801	     0.13329191
   993.12414052	     0.11271894
   993.62420303	     0.09183793
   994.12426553	     0.07092789
   994.62432804	     0.05028390
   995.12439055	     0.03021500
   995.62445306	     0.01104119
   996.12451556	    -0.00691178
   996.62457807	    -0.02332136
   997.12464058	    -0.03788121
   997.62470309	    -0.05031794
   998.12476560	    -0.06040964
   998.62482810	    -0.06800374
   999.12489061	    -0.07303094
   999.62495312	    -0.07551280
  1000.12501563	    -0.07556125
  1000.62507813	    -0.07337000
  1001.12514064	    -0.06919918
  1001.62520315	    -0.06335517
  1002.12526566	    -0.05616857
  1002.62532817	    -0.04797259
  1003.12539067	    -0.03908409
  1003.62545318	    -0.02978886
  1004.12551569	    -0.02033195
  1004.62557820	    -0.01091343
  1005.12564071	    -0.00168898
  1005.62570321	     0.00722549
  1006.12576572	     0.01574667
  1006.62582823	     0.02381547
  1007.12589074	     0.03138902
  1007.62595324	     0.03843412
  1008.12601575	     0.04492284
  1008.62607826	     0.05083050
  1009.12614077	     0.05613586
  1009.62620328	     0.06082271
  1010.12626578	     0.06488229
  1010.62632829	     0.06831537
  1011.12639080	     0.07113352
  1011.62645331	     0.07335923
  1012.12651581	     0.07502498
  1012.62657832	     0.07617152
  1013.12664083	     0.07684593
  1013.62670334	     0.07709979
  1014.12676585	     0.07698750
  1014.62682835	     0.07656475
  1015.12689086	     0.07588694
  1015.62695337	     0.07500748
  1016.12701588	     0.07397590
  1016.62707838	     0.07283604
  1017.12714089	     0.07162438
  1017.62720340	     0.07036907
  1018.12726591	     0.06908944
  1018.62732842	     0.06779651
  1019.12739092	     0.06649405
  1019.62745343	     0.06518036
  1020.12751594	     0.06385032
  1020.62757845	     0.06249752
  1021.12764096	     0.06111627
  1021.62770346	     0.05970314
  1022.12776597	     0.05825804
  1022.62782848	     0.05678472
  1023.12789099	     0.05529075
  1023.62795349	     0.05378701
  1024.12801600	     0.05228690
  1024.62807851	     0.05080534
  1025.12814102	     0.04935772
  1025.62820353	     0.04795896
  1026.12826603	     0.04662270
  1026.62832854	     0.04536076
  1027.12839105	     0.04418279
  1027.62845356	     0.04309619
  1028.12851606	     0.04210610
  1028.62857857	     0.04121549
  1029.12864108	     0.04042536
  1029.62870359	     0.03973476
  1030.12876610	     0.03914085
  1030.62882860	     0.03863881
  1031.12889111	     0.03822160
  1031.62895362	     0.03787953
  1032.12901613	     0.03759973
  1032.62907863	     0.03736539
  1033.12914114	     0.03715483
  1033.62920365	     0.03694047
  1034.12926616	     0.03668779
  1034.62932867	     0.03635429
  1035.12939117	     0.03588892
  1035.62945368	     0.03523194
  1036.12951619	     0.03431586
  1036.62957870	     0.03306760
  1037.12964121	     0.03141238
  1037.62970371	     0.02927932
  1038.12976622	     0.02660877
  1038.62982873	     0.02336055
  1039.12989124	     0.01952241
  1039.62995374	     0.01511710
  1040.13001625	     0.01020676
  1040.63007876	     0.00489340
  1041.13014127	    -0.00068516
  1041.63020378	    -0.00636366
  1042.13026628	    -0.01196130
  1042.63032879	    -0.01729533
  1043.13039130	    -0.02219464
  1043.63045381	    -0.02651135
  1044.13051631	    -0.03012906
  1044.63057882	    -0.03296715
  1045.13064133	    -0.03498116
  1045.63070384	    -0.03616019
  1046.13076635	    -0.03652232
  1046.63082885	    -0.03610916
  1047.13089136	    -0.03498025
  1047.63095387	    -0.03320791
  1048.13101638	    -0.03087256
  1048.63107888	    -0.02805857
  1049.13114139	    -0.02485068
  1049.63120390	    -0.02133094
  1050.13126641	    -0.01757625
  1050.63132892	    -0.01365642
  1051.13139142	    -0.00963279
  1051.63145393	    -0.00555751
  1052.13151644	    -0.00147327
  1052.63157895	     0.00258647
  1053.13164146	     0.00659692
  1053.63170396	     0.01054105
  1054.13176647	     0.01440864
  1054.63182898	     0.01819515
  1055.13189149	     0.02190070
  1055.63195399	     0.02552909
  1056.13201650	     0.02908697
  1056.63207901	     0.03258312
  1057.13214152	     0.03602784
  1057.63220403	     0.03943251
  1058.13226653	     0.04280928
  1058.63232904	     0.04617074
  1059.13239155	     0.04952980
  1059.63245406	     0.05289959
  1060.13251656	     0.05629334
  1060.63257907	     0.05972443
  1061.13264158	     0.06320636
  1061.63270409	     0.06675277
  1062.13276660	     0.07037755
  1062.63282910	     0.07409485
  1063.13289161	     0.07791919
  1063.63295412	     0.08186556
  1064.13301663	     0.08594950
  1064.63307913	     0.09018721
  1065.13314164	     0.09459568
  1065.63320415	     0.09919281
  1066.13326666	     0.10399756
  1066.63332917	     0.10903008
  1067.13339167	     0.11431187
  1067.63345418	     0.11986594
  1068.13351669	     0.12571704
  1068.63357920	     0.13189180
  1069.13364171	     0.13841895
  1069.63370421	     0.14532958
  1070.13376672	     0.15265733
  1070.63382923	     0.16043869
  1071.13389174	     0.16871322
  1071.63395424	     0.17752386
  1072.13401675	     0.18691717
  1072.63407926	     0.19694363
  1073.13414177	     0.20765787
  1073.63420428	     0.21911892
  1074.13426678	     0.23139033
  1074.63432929	     0.24454029
  1075.13439180	     0.25864157
  1075.63445431	     0.27377128
  1076.13451681	     0.29001043
  1076.63457932	     0.30744305
  1077.13464183	     0.32615499
  1077.63470434	     0.34623207
  1078.13476685	     0.36775751
  1078.63482935	     0.39080850
  1079.13489186	     0.41545173
  1079.63495437	     0.44173768
  1080.13501688	     0.46969373
  1080.63507938	     0.49931602
  1081.13514189	     0.53056028
  1081.63520440	     0.56333225
  1082.13526691	     0.59747829
  1082.63532942	     0.63277747
  1083.13539192	     0.66893640
  1083.63545443	     0.70558836
  1084.13551694	     0.74229772
  1084.63557945	     0.77857032
  1085.13564196	     0.81386906
  1085.63570446	     0.84763308
  1086.13576697	     0.87929761
  1086.63582948	     0.90831167
  1087.13589199	     0.93415113
  1087.63595449	     0.95632641
  1088.13601700	     0.97438592
  1088.63607951	     0.98791850
  1089.13614202	     0.99655888
  1089.63620453	     1.00000000
  1090.13626703	     0.99801405
  1090.63632954	     0.99048076
  1091.13639205	     0.97741785
  1091.63645456	     0.95900613
  1092.13651706	     0.93560116
  1092.63657957	     0.90772619
  1093.13664208	     0.87604537
  1093.63670459	     0.84132112
  1094.13676710	     0.80436295
  1094.63682960	     0.76597635
  1095.13689211	     0.72691860
  1095.63695462	     0.68786631
  1096.13701713	     0.64939580
  1096.63707963	     0.61197540
  1097.13714214	     0.57596710
  1097.63720465	     0.54163438
  1098.13726716	     0.50915348
  1098.63732967	     0.47862571
  1099.13739217	     0.45008960
  1099.63745468	     0.42353190
  1100.13751719	     0.39889742
  1100.63757970	     0.37609784
  1101.13764221	     0.35501961
  1101.63770471	     0.33553128
  1102.13776722	     0.31749022
  1102.63782973	     0.30074879
  1103.13789224	     0.28515981
  1103.63795474	     0.27058112
  1104.13801725	     0.25687936
  1104.63807976	     0.24393277
  1105.13814227	     0.23163321
  1105.63820478	     0.21988746
  1106.13826728	     0.20861779
  1106.63832979	     0.19776199
  1107.13839230	     0.18727253
  1107.63845481	     0.17711517
  1108.13851731	     0.16726683
  1108.63857982	     0.15771306
  1109.13864233	     0.14844527
  1109.63870484	     0.13945813
  1110.13876735	     0.13074728
  1110.63882985	     0.12230758
  1111.13889236	     0.11413191
  1111.63895487	     0.10621059
  1112.13901738	     0.09853106
  1112.63907988	     0.09107806
  1113.13914239	     0.08383382
  1113.63920490	     0.07677850
  1114.13926741	     0.06989051
  1114.63932992	     0.06314684
  1115.13939242	     0.05652340
  1115.63945493	     0.04999517
  1116.13951744	     0.04353640
  1116.63957995	     0.03712061
  1117.13964246	     0.03072068
  1117.63970496	     0.02430877
  1118.13976747	     0.01785629
  1118.63982998	     0.01133379
  1119.13989249	     0.00471084
  1119.63995499	    -0.00204404
  1120.14001750	    -0.00896352
  1120.64008001	    -0.01608154
  1121.14014252	    -0.02343333
  1121.64020503	    -0.03105543
  1122.14026753	    -0.03898554
  1122.64033004	    -0.04726234
  1123.14039255	    -0.05592504
  1123.64045506	    -0.06501278
  1124.14051756	    -0.07456371
  1124.64058007	    -0.08461364
  1125.14064258	    -0.09519427
  1125.64070509	    -0.10633074
  1126.14076760	    -0.11803852
  1126.64083010	    -0.13031942
  1127.14089261	    -0.14315665
  1127.64095512	    -0.15650904
  1128.14101763	    -0.17030422
  1128.64108014	    -0.18443146
  1129.14114264	    -0.19873424
  1129.64120515	    -0.21300378
  1130.14126766	    -0.22697446
  1130.64133017	    -0.24032286
  1131.14139267	    -0.25267195
  1131.64145518	    -0.26360226
  1132.14151769	    -0.27267097
  1132.64158020	    -0.27943896
  1133.14164271	    -0.28350433
  1133.64170521	    -0.28453886
  1134.14176772	    -0.28232263
  1134.64183023	    -0.27677111
  1135.14189274	    -0.26794977
  1135.64195524	    -0.25607339
  1136.14201775	    -0.24149019
  1136.64208026	    -0.22465373
  1137.14214277	    -0.20608769
  1137.64220528	    -0.18634907
  1138.14226778	    -0.16599443
  1138.64233029	    -0.14555202
  1139.14239280	    -0.12550079
  1139.64245531	    -0.10625559
  1140.14251781	    -0.08815745
  1140.64258032	    -0.07146779
  1141.14264283	    -0.05636576
  1141.64270534	    -0.04294902
  1142.14276785	    -0.03123785
  1142.64283035	    -0.02118317
  1143.14289286	    -0.01267788
  1143.64295537	    -0.00557085
  1144.14301788	     0.00031789
  1144.64308039	     0.00518224
  1145.14314289	     0.00921666
  1145.64320540	     0.01260524
  1146.14326791	     0.01551369
  1146.64333042	     0.01808384
  1147.14339292	     0.02043064
  1147.64345543	     0.02264061
  1148.14351794	     0.02477159
  1148.64358045	     0.02685300
  1149.14364296	     0.02888662
  1149.64370546	     0.03084769
  1150.14376797	     0.03268657
  1150.64383048	     0.03433121
  1151.14389299	     0.03569087
  1151.64395549	     0.03666110
  1152.14401800	     0.03713017
  1152.64408051	     0.03698622
  1153.14414302	     0.03612440
  1153.64420553	     0.03445273
  1154.14426803	     0.03189560
  1154.64433054	     0.02839420
  1155.14439305	     0.02390414
  1155.64445556	     0.01839123
  1156.14451806	     0.01182708
  1156.64458057	     0.00418616
  1157.14464308	    -0.00455478
  1157.64470559	    -0.01441476
  1158.14476810	    -0.02540519
  1158.64483060	    -0.03752635
  1159.14489311	    -0.05076536
  1159.64495562	    -0.06509624
  1160.14501813	    -0.08048225
  1160.64508064	    -0.09687975
  1161.14514314	    -0.11424256
  1161.64520565	    -0.13252557
  1162.14526816	    -0.15168697
  1162.64533067	    -0.17168843
  1163.14539317	    -0.19249331
  1163.64545568	    -0.21406308
  1164.14551819	    -0.23635246
  1164.64558070	    -0.25930391
  1165.14564321	    -0.28284193
  1165.64570571	    -0.30686813
  1166.14576822	    -0.33125740
  1166.64583073	    -0.35585592
  1167.14589324	    -0.38048108
  1167.64595574	    -0.40492366
  1168.14601825	    -0.42895191
  1168.64608076	    -0.45231727
  1169.14614327	    -0.47476144
  1169.64620578	    -0.49602434
  1170.14626828	    -0.51585271
  1170.64633079	    -0.53400885
  1171.14639330	    -0.55027924
  1171.64645581	    -0.56448249
  1172.14651831	    -0.57647661
  1172.64658082	    -0.58616552
  1173.14664333	    -0.59350514
  1173.64670584	    -0.59850878
  1174.14676835	    -0.60125088
  1174.64683085	    -0.60186751
  1175.14689336	    -0.60055121
  1175.64695587	    -0.59753899
  1176.14701838	    -0.59309308
  1176.64708089	    -0.58747649
  1177.14714339	    -0.58092662
  1177.64720590	    -0.57363132
  1178.14726841	    -0.56571155
  1178.64733092	    -0.55721357
  1179.14739342	    -0.54811227
  1179.64745593	    -0.53832518
  1180.14751844	    -0.52773509
  1180.64758095	    -0.51621753
  1181.14764346	    -0.50366836
  1181.64770596	    -0.49002678
  1182.14776847	    -0.47528973
  1182.64783098	    -0.45951576
  1183.14789349	    -0.44281855
  1183.64795599	    -0.42535266
  1184.14801850	    -0.40729508
  1184.64808101	    -0.38882680
  1185.14814352	    -0.37011751
  1185.64820603	    -0.35131567
  1186.14826853	    -0.33254446
  1186.64833104	    -0.31390320
  1187.14839355	    -0.29547282
  1187.64845606	    -0.27732357
  1188.14851856	    -0.25952316
  1188.64858107	    -0.24214358
  1189.14864358	    -0.22526523
  1189.64870609	    -0.20897797
  1190.14876860	    -0.19337872
  1190.64883110	    -0.17856633
  1191.14889361	    -0.16463447
  1191.64895612	    -0.15166383
  1192.14901863	    -0.13971476
  1192.64908114	    -0.12882161
  1193.14914364	    -0.11898958
  1193.64920615	    -0.11019461
  1194.14926866	    -0.10238625
  1194.64933117	    -0.09549280
  1195.14939367	    -0.08942790
  1195.64945618	    -0.08409741
  1196.14951869	    -0.07940573
  1196.64958120	    -0.07526091
  1197.14964371	    -0.07157824
  1197.64970621	    -0.06828237
  1198.14976872	    -0.06530823
  1198.64983123	    -0.06260089
  1199.14989374	    -0.06011492
  1199.64995624	    -0.05781329
  1200.15001875	    -0.05566621
  1200.65008126	    -0.05364988
  1201.15014377	    -0.05174545
  1201.65020628	    -0.04993799
  1202.15026878	    -0.04821569
  1202.65033129	    -0.04656918
  1203.15039380	    -0.04499098
  1203.65045631	    -0.04347503
  1204.15051881	    -0.04201641
  1204.65058132	    -0.04061104
  1205.15064383	    -0.03925546
  1205.65070634	    -0.03794671
  1206.15076885	    -0.03668221
  1206.65083135	    -0.03545965
  1207.15089386	    -0.03427693
  1207.65095637	    -0.03313215
  1208.15101888	    -0.03202351
  1208.65108139	    -0.03094933
  1209.15114389	    -0.02990802
  1209.65120640	    -0.02889807
  1210.15126891	    -0.02791799
  1210.65133142	    -0.02696640
  1211.15139392	    -0.02604192
  1211.65145643	    -0.02514323
  1212.15151894	    -0.02426905
  1212.65158145	    -0.02341812
  1213.15164396	    -0.02258924
  1213.65170646	    -0.02178120
  1214.15176897	    -0.02099285
  1214.65183148	    -0.02022303
  1215.15189399	    -0.01947062
  1215.65195649	    -0.01873454
  1216.15201900	    -0.01801367
  1216.65208151	    -0.01730696
  1217.15214402	    -0.01661334
  1217.65220653	    -0.01593175
  1218.15226903	    -0.01526114
  1218.65233154	    -0.01460046
  1219.15239405	    -0.01394864
  1219.65245656	    -0.01330464
  1220.15251906	    -0.01266738
  1220.65258157	    -0.01203578
  1221.15264408	    -0.01140871
  1221.65270659	    -0.01078507
  1222.15276910	    -0.01016368
  1222.65283160	    -0.00954334
  1223.15289411	    -0.00892282
  1223.65295662	    -0.00830082
  1224.15301913	    -0.00767599
  1224.65308164	    -0.00704694
  1225.15314414	    -0.00641215
  1225.65320665	    -0.00577007
  1226.15326916	    -0.00511902
  1226.65333167	    -0.00445723
  1227.15339417	    -0.00378279
  1227.65345668	    -0.00309369
  1228.15351919	    -0.00238773
  1228.65358170	    -0.00166256
  1229.15364421	    -0.00091565
  1229.65370671	    -0.00014425
  1230.15376922	     0.00065460
  1230.65383173	     0.00148414
  1231.15389424	     0.00234786
  1231.65395674	     0.00324955
  1232.15401925	     0.00419335
  1232.65408176	     0.00518374
  1233.15414427	     0.00622558
  1233.65420678	     0.00732414
  1234.15426928	     0.00848510
  1234.65433179	     0.00971458
  1235.15439430	     0.01101913
  1235.65445681	     0.01240573
  1236.15451931	     0.01388174
  1236.65458182	     0.01545481
  1237.15464433	     0.01713282
  1237.65470684	     0.01892366
  1238.15476935	     0.02083501
  1238.65483185	     0.02287396
  1239.15489436	     0.02504658
  1239.65495687	     0.02735724
  1240.15501938	     0.02980780
  1240.65508189	     0.03239654
  1241.15514439	     0.03511684
  1241.65520690	     0.03795558
  1242.15526941	     0.04089131
  1242.65533192	     0.04389216
  1243.15539442	     0.04691372
  1243.65545693	     0.04989711
  1244.15551944	     0.05276741
  1244.65558195	     0.05543314
  1245.15564446	     0.05778699
  1245.65570696	     0.05970855
  1246.15576947	     0.06106914
  1246.65583198	     0.06173892
  1247.15589449	     0.06159559
  1247.65595699	     0.06053397
  1248.15601950	     0.05847475
  1248.65608201	     0.05537103
  1249.15614452	     0.05121142
  1249.65620703	     0.04601893
  1250.15626953	     0.03984612
  1250.65633204	     0.03276737
  1251.15639455	     0.02486999
  1251.65645706	     0.01624557
  1252.15651956	     0.00698295
  1252.65658207	    -0.00283627
  1253.15664458	    -0.01313968
  1253.65670709	    -0.02386314
  1254.15676960	    -0.03494771
  1254.65683210	    -0.04633446
  1255.15689461	    -0.05795781
  1255.65695712	    -0.06973761
  1256.15701963	    -0.08157046
  1256.65708214	    -0.09332067
  1257.15714464	    -0.10481157
  1257.65720715	    -0.11581810
  1258.15726966	    -0.12606180
  1258.65733217	    -0.13520979
  1259.15739467	    -0.14287896
  1259.65745718	    -0.14864663
  1260.15751969	    -0.15206798
  1260.65758220	    -0.15269930
  1261.15764471	    -0.15012529
  1261.65770721	    -0.14398697
  1262.15776972	    -0.13400713
  1262.65783223	    -0.12001026
  1263.15789474	    -0.10193552
  1263.65795724	    -0.07984266
  1264.15801975	    -0.05391207
  1264.65808226	    -0.02444055
  1265.15814477	     0.00816561
  1265.65820728	     0.04339928
  1266.15826978	     0.08066242
  1266.65833229	     0.11927741
  1267.15839480	     0.15850019
  1267.65845731	     0.19753600
  1268.15851981	     0.23555903
  1268.65858232	     0.27173670
  1269.15864483	     0.30525892
  1269.65870734	     0.33537131
  1270.15876985	     0.36140976
  1270.65883235	     0.38283263
  1271.15889486	     0.39924659
  1271.65895737	     0.41042307
  1272.15901988	     0.41630406
  1272.65908239	     0.41699781
  1273.15914489	     0.41276654
  1273.65920740	     0.40400809
  1274.15926991	     0.39123331
  1274.65933242	     0.37504035
  1275.15939492	     0.35608644
  1275.65945743	     0.33505820
  1276.15951994	     0.31264183
  1276.65958245	     0.28949498
  1277.15964496	     0.26622169
  1277.65970746	     0.24335194
  1278.15976997	     0.22132668
  1278.65983248	     0.20048886
  1279.15989499	     0.18108083
  1279.65995749	     0.16324783
  1280.16002000	     0.14704714
  1280.66008251	     0.13246166
  1281.16014502	     0.11941613
  1281.66020753	     0.10779436
  1282.16027003	     0.09745536
  1282.66033254	     0.08824731
  1283.16039505	     0.08001839
  1283.66045756	     0.07262443
  1284.16052007	     0.06593358
  1284.66058257	     0.05982856
  1285.16064508	     0.05420718
  1285.66070759	     0.04898163
  1286.16077010	     0.04407713
  1286.66083260	     0.03943024
  1287.16089511	     0.03498718
  1287.66095762	     0.03070224
  1288.16102013	     0.02653637
  1288.66108264	     0.02245602
  1289.16114514	     0.01843229
  1289.66120765	     0.01444025
  1290.16127016	     0.01045858
  1290.66133267	     0.00646932
  1291.16139517	     0.00245792
  1291.66145768	    -0.00158659
  1292.16152019	    -0.00567128
  1292.66158270	    -0.00979890
  1293.16164521	    -0.01396739
  1293.66170771	    -0.01816934
  1294.16177022	    -0.02239152
  1294.66183273	    -0.02661443
  1295.16189524	    -0.03081200
  1295.66195774	    -0.03495136
  1296.16202025	    -0.03899299
  1296.66208276	    -0.04289105
  1297.16214527	    -0.04659434
  1297.66220778	    -0.05004779
  1298.16227028	    -0.05319477
  1298.66233279	    -0.05597997
  1299.16239530	    -0.05835300
  1299.66245781	    -0.06027196
  1300.16252032	    -0.06170687
  1300.66258282	    -0.06264225
  1301.16264533	    -0.06307843
  1301.66270784	    -0.06303131
  1302.16277035	    -0.06253064
  1302.66283285	    -0.06161675
  1303.16289536	    -0.06033651
  1303.66295787	    -0.05873907
  1304.16302038	    -0.05687204
  1304.66308289	    -0.05477878
  1305.16314539	    -0.05249723
  1305.66320790	    -0.05006018
  1306.16327041	    -0.04749686
  1306.66333292	    -0.04483531
  1307.16339542	    -0.04210484
  1307.66345793	    -0.03933798
  1308.16352044	    -0.03657149
  1308.66358295	    -0.03384607
  1309.16364546	    -0.03120498
  1309.66370796	    -0.02869163
  1310.16377047	    -0.02634676
  1310.66383298	    -0.02420556
  1311.16389549	    -0.02229515
  1311.66395799	    -0.02063285
  1312.16402050	    -0.01922533
  1312.66408301	    -0.01806851
  1313.16414552	    -0.01714832
  1313.66420803	    -0.01644175
  1314.16427053	    -0.01591803
  1314.66433304	    -0.01553974
  1315.16439555	    -0.01526356
  1315.66445806	    -0.01504081
  1316.16452057	    -0.01481785
  1316.66458307	    -0.01453660
  1317.16464558	    -0.01413536
  1317.66470809	    -0.01355038
  1318.16477060	    -0.01271813
  1318.66483310	    -0.01157837
  1319.16489561	    -0.01007773
  1319.66495812	    -0.00817335
  1320.16502063	    -0.00583604
  1320.66508314	    -0.00305235
  1321.16514564	     0.00017478
  1321.66520815	     0.00382682
  1322.16527066	     0.00787176
  1322.66533317	     0.01226682
  1323.16539567	     0.01696137
  1323.66545818	     0.02189947
  1324.16552069	     0.02702174
  1324.66558320	     0.03226659
  1325.16564571	     0.03757103
  1325.66570821	     0.04287138
  1326.16577072	     0.04810432
  1326.66583323	     0.05320866
  1327.16589574	     0.05812792
  1327.66595824	     0.06281366
  1328.16602075	     0.06722906
  1328.66608326	     0.07135214
  1329.16614577	     0.07517783
  1329.66620828	     0.07871823
  1330.16627078	     0.08200062
  1330.66633329	     0.08506355
  1331.16639580	     0.08795115
  1331.66645831	     0.09070672
  1332.16652082	     0.09336628
  1332.66658332	     0.09595280
  1333.16664583	     0.09847180
  1333.66670834	     0.10090862
  1334.16677085	     0.10322766
  1334.66683335	     0.10537371
  1335.16689586	     0.10727544
  1335.66695837	     0.10885072
  1336.16702088	     0.11001358
  1336.66708339	     0.11068192
  1337.16714589	     0.11078518
  1337.66720840	     0.11027099
  1338.16727091	     0.10910990
  1338.66733342	     0.10729762
  1339.16739592	     0.10485479
  1339.66745843	     0.10182428
  1340.16752094	     0.09826683
  1340.66758345	     0.09425566
  1341.16764596	     0.08987073
  1341.66770846	     0.08519357
  1342.16777097	     0.08030283
  1342.66783348	     0.07527114
  1343.16789599	     0.07016300
  1343.66795849	     0.06503381
  1344.16802100	     0.05992956
  1344.66808351	     0.05488711
  1345.16814602	     0.04993459
  1345.66820853	     0.04509203
  1346.16827103	     0.04037188
  1346.66833354	     0.03577953
  1347.16839605	     0.03131380
  1347.66845856	     0.02696758
  1348.16852107	     0.02272865
  1348.66858357	     0.01858094
  1349.16864608	     0.01450631
  1349.66870859	     0.01048704
  1350.16877110	     0.00650874
  1350.66883360	     0.00256358
  1351.16889611	    -0.00134655
  1351.66895862	    -0.00520750
  1352.16902113	    -0.00899129
  1352.66908364	    -0.01265598
  1353.16914614	    -0.01614700
  1353.66920865	    -0.01940026
  1354.16927116	    -0.02234672
  1354.66933367	    -0.02491807
  1355.16939617	    -0.02705308
  1355.66945868	    -0.02870366
  1356.16952119	    -0.02983992
  1356.66958370	    -0.03045320
  1357.16964621	    -0.03055679
  1357.66970871	    -0.03018409
  1358.16977122	    -0.02938476
  1358.66983373	    -0.02821945
  1359.16989624	    -0.02675424
  1359.66995874	    -0.02505544
  1360.17002125	    -0.02318543
  1360.67008376	    -0.02119970
  1361.17014627	    -0.01914521
  1361.67020878	    -0.01705983
  1362.17027128	    -0.01497254
  1362.67033379	    -0.01290424
  1363.17039630	    -0.01086874
  1363.67045881	    -0.00887393
  1364.17052132	    -0.00692287
  1364.67058382	    -0.00501480
  1365.17064633	    -0.00314595
  1365.67070884	    -0.00131030
  1366.17077135	     0.00049994
  1366.67083385	     0.00229380
  1367.17089636	     0.00408135
  1367.67095887	     0.00587335
  1368.17102138	     0.00768116
  1368.67108389	     0.00951658
  1369.17114639	     0.01139176
  1369.67120890	     0.01331915
  1370.17127141	     0.01531138
  1370.67133392	     0.01738115
  1371.17139642	     0.01954114
  1371.67145893	     0.02180374
  1372.17152144	     0.02418082
  1372.67158395	     0.02668328
  1373.17164646	     0.02932053
  1373.67170896	     0.03209974
  1374.17177147	     0.03502489
  1374.67183398	     0.03809557
  1375.17189649	     0.04130548
  1375.67195899	     0.04464062
  1376.17202150	     0.04807726
  1376.67208401	     0.05157970
  1377.17214652	     0.05509805
  1377.67220903	     0.05856617
  1378.17227153	     0.06190031
  1378.67233404	     0.06499878
  1379.17239655	     0.06774321
  1379.67245906	     0.07000195
  1380.17252157	     0.07163586
  1380.67258407	     0.07250659
  1381.17264658	     0.07248693
  1381.67270909	     0.07147234
  1382.17277160	     0.06939229
  1382.67283410	     0.06621979
  1383.17289661	     0.06197759
  1383.67295912	     0.05673974
  1384.17302163	     0.05062814
  1384.67308414	     0.04380434
  1385.17314664	     0.03645781
  1385.67320915	     0.02879240
  1386.17327166	     0.02101269
  1386.67333417	     0.01331184
