   921.61520190	     0.97320124
   922.10026253	     0.97451027
   922.58532316	     0.97581275
   923.07038380	     0.97710430
   923.55544443	     0.97838034
   924.04050506	     0.97963611
   924.52556569	     0.98086677
   925.01062633	     0.98206747
   925.49568696	     0.98323345
   925.98074760	     0.98436010
   926.46580822	     0.98544302
   926.95086886	     0.98647813
   927.43592949	     0.98746168
   927.92099013	     0.98839034
   928.40605076	     0.98926119
   928.89111139	     0.99007179
   929.37617202	     0.99082020
   929.86123266	     0.99150495
   930.34629329	     0.99212507
   930.83135392	     0.99268009
   931.31641455	     0.99316999
   931.80147518	     0.99359523
   932.28653582	     0.99395667
   932.77159644	     0.99425558
   933.25665708	     0.99449362
   933.74171771	     0.99467275
   934.22677835	     0.99479527
   934.71183898	     0.99486373
   935.19689961	     0.99488094
   935.68196024	     0.99484988
   936.16702088	     0.99477375
   936.65208151	     0.99465586
   937.13714215	     0.99449964
   937.62220277	     0.99430859
   938.10726341	     0.99408627
   938.59232404	     0.99383621
   939.07738468	     0.99356194
   939.56244531	     0.99326690
   940.04750594	     0.99295443
   940.53256657	     0.99262768
   941.01762721	     0.99228964
   941.50268784	     0.99194300
   941.98774846	     0.99159018
   942.47280910	     0.99123323
   942.95786973	     0.99087378
   943.44293037	     0.99051303
   943.92799099	     0.99015167
   944.41305163	     0.98978983
   944.89811226	     0.98942709
   945.38317290	     0.98906239
   945.86823353	     0.98869407
   946.35329416	     0.98831979
   946.83835479	     0.98793662
   947.32341543	     0.98754097
   947.80847606	     0.98712869
   948.29353670	     0.98669508
   948.77859732	     0.98623495
   949.26365796	     0.98574273
   949.74871859	     0.98521254
   950.23377923	     0.98463831
   950.71883985	     0.98401393
   951.20390049	     0.98333335
   951.68896112	     0.98259077
   952.17402175	     0.98178078
   952.65908239	     0.98089856
   953.14414301	     0.97993999
   953.62920365	     0.97890188
   954.11426428	     0.97778210
   954.59932492	     0.97657971
   955.08438555	     0.97529516
   955.56944618	     0.97393033
   956.05450681	     0.97248867
   956.53956745	     0.97097525
   957.02462808	     0.96939680
   957.50968871	     0.96776167
   957.99474934	     0.96607982
   958.47980998	     0.96436275
   958.96487061	     0.96262332
   959.44993124	     0.96087566
   959.93499187	     0.95913491
   960.42005251	     0.95741703
   960.90511314	     0.95573848
   961.39017378	     0.95411599
   961.87523440	     0.95256617
   962.36029504	     0.95110521
   962.84535567	     0.94974854
   963.33041630	     0.94851046
   963.81547694	     0.94740381
   964.30053756	     0.94643964
   964.78559820	     0.94562688
   965.27065883	     0.94497208
   965.75571947	     0.94447915
   966.24078009	     0.94414916
   966.72584073	     0.94398018
   967.21090136	     0.94396716
   967.69596200	     0.94410187
   968.18102263	     0.94437291
   968.66608326	     0.94476575
   969.15114389	     0.94526285
   969.63620453	     0.94584385
   970.12126516	     0.94648571
   970.60632579	     0.94716309
   971.09138642	     0.94784855
   971.57644706	     0.94851300
   972.06150769	     0.94912603
   972.54656832	     0.94965638
   973.03162895	     0.95007233
   973.51668958	     0.95034222
   974.00175022	     0.95043493
   974.48681085	     0.95032030
   974.97187149	     0.94996971
   975.45693211	     0.94935647
   975.94199275	     0.94845637
   976.42705338	     0.94724806
   976.91211402	     0.94571351
   977.39717464	     0.94383841
   977.88223528	     0.94161249
   978.36729591	     0.93902985
   978.85235655	     0.93608924
   979.33741718	     0.93279423
   979.82247781	     0.92915336
   980.30753844	     0.92518023
   980.79259908	     0.92089351
   981.27765971	     0.91631684
   981.76272034	     0.91147873
   982.24778097	     0.90641229
   982.73284161	     0.90115497
   983.21790224	     0.89574817
   983.70296287	     0.89023675
   984.18802350	     0.88466858
   984.67308413	     0.87909390
   985.15814477	     0.87356470
   985.64320540	     0.86813403
   986.12826603	     0.86285531
   986.61332666	     0.85778156
   987.09838730	     0.85296465
   987.58344793	     0.84845459
   988.06850857	     0.84429877
   988.55356919	     0.84054131
   989.03862983	     0.83722237
   989.52369046	     0.83437760
   990.00875110	     0.83203762
   990.49381173	     0.83022760
   990.97887236	     0.82896688
   991.46393299	     0.82826876
   991.94899363	     0.82814033
   992.43405426	     0.82858246
   992.91911489	     0.82958978
   993.40417552	     0.83115090
   993.88923615	     0.83324860
   994.37429679	     0.83586018
   994.85935742	     0.83895783
   995.34441805	     0.84250910
   995.82947868	     0.84647741
   996.31453932	     0.85082260
   996.79959995	     0.85550148
   997.28466058	     0.86046845
   997.76972121	     0.86567606
   998.25478185	     0.87107558
   998.73984248	     0.87661754
   999.22490312	     0.88225227
   999.70996374	     0.88793034
  1000.19502438	     0.89360299
  1000.68008501	     0.89922246
  1001.16514565	     0.90474233
  1001.65020627	     0.91011771
  1002.13526691	     0.91530547
  1002.62032754	     0.92026427
  1003.10538818	     0.92495470
  1003.59044881	     0.92933920
  1004.07550943	     0.93338206
  1004.56057007	     0.93704931
  1005.04563070	     0.94030862
  1005.53069134	     0.94312915
  1006.01575197	     0.94548138
  1006.50081260	     0.94733698
  1006.98587323	     0.94866868
  1007.47093387	     0.94945013
  1007.95599450	     0.94965581
  1008.44105513	     0.94926102
  1008.92611576	     0.94824185
  1009.41117640	     0.94657527
  1009.89623703	     0.94423923
  1010.38129767	     0.94121292
  1010.86635829	     0.93747698
  1011.35141893	     0.93301387
  1011.83647956	     0.92780830
  1012.32154020	     0.92184770
  1012.80660082	     0.91512273
  1013.29166146	     0.90762792
  1013.77672209	     0.89936224
  1014.26178272	     0.89032979
  1014.74684336	     0.88054037
  1015.23190398	     0.87001017
  1015.71696462	     0.85876233
  1016.20202525	     0.84682745
  1016.68708589	     0.83424403
  1017.17214651	     0.82105883
  1017.65720715	     0.80732705
  1018.14226778	     0.79311241
  1018.62732842	     0.77848703
  1019.11238905	     0.76353119
  1019.59744968	     0.74833284
  1020.08251031	     0.73298698
  1020.56757095	     0.71759481
  1021.05263158	     0.70226275
  1021.53769222	     0.68710124
  1022.02275284	     0.67222344
  1022.50781348	     0.65774374
  1022.99287411	     0.64377626
  1023.47793475	     0.63043321
  1023.96299537	     0.61782323
  1024.44805600	     0.60604981
  1024.93311664	     0.59520965
  1025.41817727	     0.58539118
  1025.90323791	     0.57667320
  1026.38829853	     0.56912364
  1026.87335917	     0.56279854
  1027.35841980	     0.55774130
  1027.84348044	     0.55398200
  1028.32854106	     0.55153722
  1028.81360170	     0.55040989
  1029.29866233	     0.55058953
  1029.78372297	     0.55205271
  1030.26878360	     0.55476373
  1030.75384423	     0.55867554
  1031.23890486	     0.56373081
  1031.72396550	     0.56986321
  1032.20902613	     0.57699875
  1032.69408676	     0.58505722
  1033.17914739	     0.59395371
  1033.66420803	     0.60360008
  1034.14926866	     0.61390643
  1034.63432929	     0.62478247
  1035.11938992	     0.63613885
  1035.60445055	     0.64788828
  1036.08951119	     0.65994663
  1036.57457182	     0.67223373
  1037.05963246	     0.68467412
  1037.54469308	     0.69719755
  1038.02975372	     0.70973939
  1038.51481435	     0.72224081
  1038.99987499	     0.73464888
  1039.48493561	     0.74691645
  1039.96999625	     0.75900200
  1040.45505688	     0.77086939
  1040.94011752	     0.78248747
  1041.42517815	     0.79382969
  1041.91023878	     0.80487367
  1042.39529941	     0.81560077
  1042.88036005	     0.82599560
  1043.36542068	     0.83604561
  1043.85048131	     0.84574066
  1044.33554194	     0.85507265
  1044.82060258	     0.86403520
  1045.30566321	     0.87262331
  1045.79072384	     0.88083313
  1046.27578447	     0.88866171
  1046.76084510	     0.89610686
  1047.24590574	     0.90316697
  1047.73096637	     0.90984088
  1048.21602700	     0.91612782
  1048.70108763	     0.92202727
  1049.18614827	     0.92753894
  1049.67120890	     0.93266268
  1050.15626954	     0.93739842
  1050.64133016	     0.94174616
  1051.12639080	     0.94570587
  1051.61145143	     0.94927747
  1052.09651207	     0.95246080
  1052.58157270	     0.95525557
  1053.06663333	     0.95766138
  1053.55169396	     0.95967766
  1054.03675460	     0.96130374
  1054.52181523	     0.96253884
  1055.00687586	     0.96338219
  1055.49193649	     0.96383304
  1055.97699712	     0.96389084
  1056.46205776	     0.96355538
  1056.94711839	     0.96282695
  1057.43217902	     0.96170653
  1057.91723965	     0.96019605
  1058.40230029	     0.95829863
  1058.88736092	     0.95601880
  1059.37242155	     0.95336281
  1059.85748218	     0.95033888
  1060.34254282	     0.94695743
  1060.82760345	     0.94323132
  1061.31266409	     0.93917606
  1061.79772471	     0.93480999
  1062.28278535	     0.93015433
  1062.76784598	     0.92523330
  1063.25290662	     0.92007413
  1063.73796724	     0.91470693
  1064.22302788	     0.90916461
  1064.70808851	     0.90348267
  1065.19314915	     0.89769890
  1065.67820978	     0.89185308
  1066.16327040	     0.88598653
  1066.64833104	     0.88014173
  1067.13339167	     0.87436172
  1067.61845231	     0.86868968
  1068.10351294	     0.86316828
  1068.58857357	     0.85783916
  1069.07363420	     0.85274238
  1069.55869484	     0.84791584
  1070.04375547	     0.84339477
  1070.52881610	     0.83921130
  1071.01387673	     0.83539397
  1071.49893737	     0.83196743
  1071.98399800	     0.82895216
  1072.46905864	     0.82636421
  1072.95411926	     0.82421512
  1073.43917990	     0.82251187
  1073.92424053	     0.82125691
  1074.40930117	     0.82044830
  1074.89436179	     0.82007987
  1075.37942243	     0.82014153
  1075.86448306	     0.82061956
  1076.34954369	     0.82149699
  1076.83460433	     0.82275401
  1077.31966495	     0.82436843
  1077.80472559	     0.82631613
  1078.28978622	     0.82857151
  1078.77484686	     0.83110799
  1079.25990748	     0.83389839
  1079.74496812	     0.83691544
  1080.23002875	     0.84013210
  1080.71508939	     0.84352193
  1081.20015002	     0.84705942
  1081.68521065	     0.85072024
  1082.17027128	     0.85448140
  1082.65533192	     0.85832149
  1083.14039255	     0.86222070
  1083.62545319	     0.86616094
  1084.11051381	     0.87012577
  1084.59557445	     0.87410043
  1085.08063508	     0.87807170
  1085.56569572	     0.88202780
  1086.05075634	     0.88595824
  1086.53581697	     0.88985366
  1087.02087761	     0.89370559
  1087.50593824	     0.89750628
  1087.99099888	     0.90124851
  1088.47605950	     0.90492533
  1088.96112014	     0.90852990
  1089.44618077	     0.91205529
  1089.93124141	     0.91549434
  1090.41630203	     0.91883948
  1090.90136267	     0.92208266
  1091.38642330	     0.92521523
  1091.87148394	     0.92822796
  1092.35654457	     0.93111098
  1092.84160520	     0.93385384
  1093.32666583	     0.93644561
  1093.81172647	     0.93887495
  1094.29678710	     0.94113028
  1094.78184774	     0.94319998
  1095.26690836	     0.94507256
  1095.75196900	     0.94673696
  1096.23702963	     0.94818276
  1096.72209026	     0.94940050
  1097.20715089	     0.95038189
  1097.69221152	     0.95112018
  1098.17727216	     0.95161039
  1098.66233279	     0.95184957
  1099.14739343	     0.95183707
  1099.63245405	     0.95157471
  1100.11751469	     0.95106701
  1100.60257532	     0.95032132
  1101.08763596	     0.94934785
  1101.57269658	     0.94815978
  1102.05775722	     0.94677323
  1102.54281785	     0.94520712
  1103.02787849	     0.94348312
  1103.51293912	     0.94162540
  1103.99799975	     0.93966037
  1104.48306038	     0.93761638
  1104.96812102	     0.93552337
  1105.45318165	     0.93341243
  1105.93824228	     0.93131538
  1106.42330291	     0.92926424
  1106.90836355	     0.92729081
  1107.39342418	     0.92542606
  1107.87848481	     0.92369971
  1108.36354544	     0.92213967
  1108.84860607	     0.92077161
  1109.33366671	     0.91961847
  1109.81872734	     0.91870012
  1110.30378798	     0.91803294
  1110.78884860	     0.91762963
  1111.27390924	     0.91749893
  1111.75896987	     0.91764551
  1112.24403051	     0.91806991
  1112.72909113	     0.91876852
  1113.21415177	     0.91973375
  1113.69921240	     0.92095414
  1114.18427304	     0.92241460
  1114.66933367	     0.92409677
  1115.15439430	     0.92597933
  1115.63945493	     0.92803845
  1116.12451557	     0.93024821
  1116.60957620	     0.93258113
  1117.09463683	     0.93500861
  1117.57969746	     0.93750148
  1118.06475809	     0.94003049
  1118.54981873	     0.94256680
  1119.03487936	     0.94508243
  1119.51993999	     0.94755071
  1120.00500062	     0.94994667
  1120.49006126	     0.95224741
  1120.97512189	     0.95443235
  1121.46018252	     0.95648352
  1121.94524315	     0.95838577
  1122.43030379	     0.96012682
  1122.91536442	     0.96169744
  1123.40042506	     0.96309141
  1123.88548568	     0.96430553
  1124.37054632	     0.96533952
  1124.85560695	     0.96619591
  1125.34066759	     0.96687989
  1125.82572822	     0.96739910
  1126.31078885	     0.96776339
  1126.79584948	     0.96798459
  1127.28091012	     0.96807622
  1127.76597075	     0.96805322
  1128.25103137	     0.96793159
  1128.73609201	     0.96772817
  1129.22115264	     0.96746023
  1129.70621328	     0.96714525
  1130.19127391	     0.96680054
  1130.67633454	     0.96644303
  1131.16139517	     0.96608893
  1131.64645581	     0.96575348
  1132.13151644	     0.96545074
  1132.61657707	     0.96519334
  1133.10163770	     0.96499231
  1133.58669834	     0.96485690
  1134.07175897	     0.96479441
  1134.55681961	     0.96481015
  1135.04188023	     0.96490728
  1135.52694087	     0.96508678
  1136.01200150	     0.96534742
  1136.49706214	     0.96568577
  1136.98212276	     0.96609617
  1137.46718340	     0.96657084
  1137.95224403	     0.96709986
  1138.43730466	     0.96767136
  1138.92236530	     0.96827152
  1139.40742592	     0.96888476
  1139.89248656	     0.96949386
  1140.37754719	     0.97008009
  1140.86260783	     0.97062342
  1141.34766846	     0.97110264
  1141.83272909	     0.97149561
  1142.31778972	     0.97177944
  1142.80285036	     0.97193071
  1143.28791099	     0.97192570
  1143.77297162	     0.97174066
  1144.25803225	     0.97135208
  1144.74309289	     0.97073692
  1145.22815352	     0.96987301
  1145.71321416	     0.96873926
  1146.19827478	     0.96731608
  1146.68333542	     0.96558568
  1147.16839605	     0.96353244
  1147.65345669	     0.96114330
  1148.13851731	     0.95840809
  1148.62357795	     0.95531994
  1149.10863858	     0.95187558
  1149.59369921	     0.94807574
  1150.07875985	     0.94392540
  1150.56382047	     0.93943407
  1151.04888111	     0.93461602
  1151.53394174	     0.92949043
  1152.01900238	     0.92408144
  1152.50406300	     0.91841818
  1152.98912364	     0.91253467
  1153.47418427	     0.90646961
  1153.95924491	     0.90026611
  1154.44430554	     0.89397128
  1154.92936617	     0.88763570
  1155.41442680	     0.88131284
  1155.89948744	     0.87505832
  1156.38454807	     0.86892913
  1156.86960871	     0.86298270
  1157.35466933	     0.85727603
  1157.83972997	     0.85186462
  1158.32479060	     0.84680149
  1158.80985123	     0.84213617
  1159.29491186	     0.83791365
  1159.77997249	     0.83417345
  1160.26503313	     0.83094871
  1160.75009376	     0.82826536
  1161.23515440	     0.82614145
  1161.72021502	     0.82458652
  1162.20527566	     0.82360124
  1162.69033629	     0.82317705
  1163.17539693	     0.82329614
  1163.66045755	     0.82393145
  1164.14551819	     0.82504697
  1164.63057882	     0.82659812
  1165.11563946	     0.82853237
  1165.60070009	     0.83078998
  1166.08576072	     0.83330490
  1166.57082135	     0.83600581
  1167.05588199	     0.83881729
  1167.54094262	     0.84166100
  1168.02600325	     0.84445705
  1168.51106388	     0.84712533
  1168.99612452	     0.84958689
  1169.48118515	     0.85176532
  1169.96624578	     0.85358811
  1170.45130641	     0.85498794
  1170.93636704	     0.85590393
  1171.42142768	     0.85628274
  1171.90648831	     0.85607961
  1172.39154895	     0.85525928
  1172.87660957	     0.85379667
  1173.36167021	     0.85167753
  1173.84673084	     0.84889878
  1174.33179148	     0.84546883
  1174.81685210	     0.84140752
  1175.30191274	     0.83674607
  1175.78697337	     0.83152666
  1176.27203401	     0.82580196
  1176.75709464	     0.81963443
  1177.24215527	     0.81309539
  1177.72721590	     0.80626404
  1178.21227654	     0.79922623
  1178.69733717	     0.79207318
  1179.18239780	     0.78490009
  1179.66745843	     0.77780460
  1180.15251906	     0.77088527
  1180.63757970	     0.76424001
  1181.12264033	     0.75796452
  1181.60770096	     0.75215072
  1182.09276159	     0.74688533
  1182.57782223	     0.74224846
  1183.06288286	     0.73831235
  1183.54794349	     0.73514026
  1184.03300412	     0.73278555
  1184.51806476	     0.73129085
  1185.00312539	     0.73068759
  1185.48818603	     0.73099555
  1185.97324665	     0.73222279
  1186.45830729	     0.73436572
  1186.94336792	     0.73740933
  1187.42842856	     0.74132776
  1187.91348919	     0.74608488
  1188.39854982	     0.75163520
  1188.88361045	     0.75792480
  1189.36867109	     0.76489245
  1189.85373172	     0.77247078
  1190.33879234	     0.78058757
  1190.82385298	     0.78916698
  1191.30891361	     0.79813091
  1191.79397425	     0.80740018
  1192.27903488	     0.81689586
  1192.76409551	     0.82654032
  1193.24915614	     0.83625836
  1193.73421678	     0.84597812
  1194.21927741	     0.85563194
  1194.70433804	     0.86515703
  1195.18939867	     0.87449608
  1195.67445931	     0.88359763
  1196.15951994	     0.89241640
  1196.64458058	     0.90091343
  1197.12964120	     0.90905611
  1197.61470184	     0.91681810
  1198.09976247	     0.92417916
  1198.58482311	     0.93112484
  1199.06988373	     0.93764616
  1199.55494437	     0.94373917
  1200.04000500	     0.94940449
  1200.52506563	     0.95464683
  1201.01012627	     0.95947447
  1201.49518689	     0.96389873
  1201.98024753	     0.96793344
  1202.46530816	     0.97159445
  1202.95036880	     0.97489915
  1203.43542943	     0.97786600
  1203.92049006	     0.98051413
  1204.40555069	     0.98286291
  1204.89061133	     0.98493168
  1205.37567196	     0.98673938
  1205.86073259	     0.98830434
  1206.34579322	     0.98964403
  1206.83085386	     0.99077492
  1207.31591449	     0.99171228
  1207.80097513	     0.99247017
  1208.28603575	     0.99306126
  1208.77109639	     0.99349686
  1209.25615702	     0.99378689
  1209.74121766	     0.99393984
  1210.22627828	     0.99396285
  1210.71133891	     0.99386170
  1211.19639955	     0.99364088
  1211.68146018	     0.99330365
  1212.16652082	     0.99285210
  1212.65158144	     0.99228722
  1213.13664208	     0.99160901
  1213.62170271	     0.99081651
  1214.10676335	     0.98990794
  1214.59182397	     0.98888077
  1215.07688461	     0.98773178
  1215.56194524	     0.98645724
  1216.04700588	     0.98505292
  1216.53206651	     0.98351424
  1217.01712714	     0.98183639
  1217.50218777	     0.98001441
  1217.98724841	     0.97804331
  1218.47230904	     0.97591824
  1218.95736968	     0.97363452
  1219.44243030	     0.97118787
  1219.92749094	     0.96857445
  1220.41255157	     0.96579101
  1220.89761220	     0.96283504
  1221.38267283	     0.95970481
  1221.86773346	     0.95639951
  1222.35279410	     0.95291930
  1222.83785473	     0.94926539
  1223.32291537	     0.94543999
  1223.80797599	     0.94144640
  1224.29303663	     0.93728886
  1224.77809726	     0.93297249
  1225.26315790	     0.92850315
  1225.74821852	     0.92388724
  1226.23327916	     0.91913139
  1226.71833979	     0.91424221
  1227.20340043	     0.90922589
  1227.68846106	     0.90408777
  1228.17352169	     0.89883187
  1228.65858232	     0.89346038
  1229.14364296	     0.88797312
  1229.62870359	     0.88236693
  1230.11376422	     0.87663515
  1230.59882485	     0.87076700
  1231.08388549	     0.86474705
  1231.56894612	     0.85855473
  1232.05400675	     0.85216391
  1232.53906738	     0.84554251
  1233.02412801	     0.83865227
  1233.50918865	     0.83144867
  1233.99424928	     0.82388094
  1234.47930992	     0.81589222
  1234.96437054	     0.80742003
  1235.44943118	     0.79839673
  1235.93449181	     0.78875038
  1236.41955245	     0.77840565
  1236.90461307	     0.76728502
  1237.38967371	     0.75531016
  1237.87473434	     0.74240346
  1238.35979498	     0.72848973
  1238.84485561	     0.71349814
  1239.32991624	     0.69736409
  1239.81497687	     0.68003135
  1240.30003751	     0.66145409
  1240.78509814	     0.64159899
  1241.27015877	     0.62044728
  1241.75521940	     0.59799665
  1242.24028003	     0.57426302
  1242.72534067	     0.54928213
  1243.21040130	     0.52311083
  1243.69546193	     0.49582809
  1244.18052256	     0.46753565
  1244.66558320	     0.43835825
  1245.15064383	     0.40844353
  1245.63570447	     0.37796135
  1246.12076509	     0.34710275
  1246.60582573	     0.31607839
  1247.09088636	     0.28511653
  1247.57594700	     0.25446057
  1248.06100762	     0.22436619
  1248.54606826	     0.19509803
  1249.03112889	     0.16692618
  1249.51618953	     0.14012223
  1250.00125016	     0.11495529
  1250.48631079	     0.09168779
  1250.97137142	     0.07057123
  1251.45643206	     0.05184210
  1251.94149269	     0.03571783
  1252.42655331	     0.02239303
  1252.91161395	     0.01203600
  1253.39667458	     0.00478576
  1253.88173522	     0.00074938
  1254.36679585	     0.00000000
  1254.85185648	     0.00257533
  1255.33691711	     0.00847685
  1255.82197775	     0.01766960
  1256.30703838	     0.03008262
  1256.79209901	     0.04561010
  1257.27715964	     0.06411301
  1257.76222028	     0.08542148
  1258.24728091	     0.10933752
  1258.73234155	     0.13563832
  1259.21740217	     0.16407988
  1259.70246281	     0.19440095
  1260.18752344	     0.22632710
  1260.67258408	     0.25957504
  1261.15764471	     0.29385684
  1261.64270534	     0.32888410
  1262.12776597	     0.36437205
  1262.61282660	     0.40004327
  1263.09788724	     0.43563128
  1263.58294786	     0.47088360
  1264.06800850	     0.50556457
  1264.55306913	     0.53945760
  1265.03812977	     0.57236704
  1265.52319040	     0.60411956
  1266.00825103	     0.63456506
  1266.49331166	     0.66357716
  1266.97837230	     0.69105321
  1267.46343293	     0.71691399
  1267.94849356	     0.74110296
  1268.43355419	     0.76358530
  1268.91861483	     0.78434662
  1269.40367546	     0.80339147
  1269.88873610	     0.82074169
  1270.37379672	     0.83643471
  1270.85885736	     0.85052162
  1271.34391799	     0.86306539
  1271.82897863	     0.87413899
  1272.31403925	     0.88382357
  1272.79909989	     0.89220671
  1273.28416052	     0.89938077
  1273.76922115	     0.90544137
  1274.25428179	     0.91048587
  1274.73934241	     0.91461214
  1275.22440305	     0.91791736
  1275.70946368	     0.92049694
  1276.19452432	     0.92244362
  1276.67958495	     0.92384667
  1277.16464558	     0.92479120
  1277.64970621	     0.92535760
  1278.13476685	     0.92562106
  1278.61982748	     0.92565124
  1279.10488811	     0.92551196
  1279.58994874	     0.92526102
  1280.07500938	     0.92495012
  1280.56007001	     0.92462478
  1281.04513065	     0.92432441
  1281.53019127	     0.92408238
  1282.01525191	     0.92392618
  1282.50031254	     0.92387763
  1282.98537317	     0.92395310
  1283.47043380	     0.92416386
  1283.95549443	     0.92451633
  1284.44055507	     0.92501251
  1284.92561570	     0.92565031
  1285.41067634	     0.92642396
  1285.89573696	     0.92732443
  1286.38079760	     0.92833981
  1286.86585823	     0.92945575
  1287.35091887	     0.93065585
  1287.83597949	     0.93192203
  1288.32104013	     0.93323489
  1288.80610076	     0.93457407
  1289.29116140	     0.93591856
  1289.77622203	     0.93724697
  1290.26128266	     0.93853778
  1290.74634329	     0.93976959
  1291.23140393	     0.94092130
  1291.71646456	     0.94197225
  1292.20152520	     0.94290243
  1292.68658582	     0.94369255
  1293.17164646	     0.94432416
  1293.65670709	     0.94477978
  1294.14176772	     0.94504296
  1294.62682835	     0.94509841
  1295.11188898	     0.94493208
  1295.59694962	     0.94453124
  1296.08201025	     0.94388465
  1296.56707089	     0.94298266
  1297.05213151	     0.94181733
  1297.53719215	     0.94038261
  1298.02225278	     0.93867448
  1298.50731342	     0.93669113
  1298.99237404	     0.93443313
  1299.47743468	     0.93190356
  1299.96249531	     0.92910821
  1300.44755595	     0.92605571
  1300.93261658	     0.92275763
  1301.41767721	     0.91922857
  1301.90273784	     0.91548622
  1302.38779848	     0.91155139
  1302.87285911	     0.90744792
  1303.35791974	     0.90320262
  1303.84298037	     0.89884512
  1304.32804100	     0.89440765
  1304.81310164	     0.88992477
  1305.29816227	     0.88543306
  1305.78322290	     0.88097073
  1306.26828353	     0.87657718
  1306.75334417	     0.87229254
  1307.23840480	     0.86815718
  1307.72346544	     0.86421111
  1308.20852606	     0.86049349
  1308.69358670	     0.85704205
  1309.17864733	     0.85389252
  1309.66370797	     0.85107812
  1310.14876859	     0.84862902
  1310.63382923	     0.84657193
  1311.11888986	     0.84492959
  1311.60395050	     0.84372051
  1312.08901113	     0.84295860
  1312.57407176	     0.84265301
  1313.05913239	     0.84280792
  1313.54419303	     0.84342255
  1314.02925366	     0.84449114
  1314.51431428	     0.84600304
  1314.99937492	     0.84794291
  1315.48443555	     0.85029096
  1315.96949619	     0.85302327
  1316.45455682	     0.85611215
  1316.93961745	     0.85952661
  1317.42467808	     0.86323276
  1317.90973872	     0.86719441
  1318.39479935	     0.87137349
  1318.87985998	     0.87573068
  1319.36492061	     0.88022590
  1319.84998125	     0.88481885
  1320.33504188	     0.88946955
  1320.82010252	     0.89413880
  1321.30516314	     0.89878868
  1321.79022378	     0.90338296
  1322.27528441	     0.90788747
  1322.76034505	     0.91227044
  1323.24540568	     0.91650281
  1323.73046631	     0.92055841
  1324.21552694	     0.92441420
  1324.70058757	     0.92805035
  1325.18564821	     0.93145035
  1325.67070883	     0.93460104
  1326.15576947	     0.93749254
  1326.64083010	     0.94011826
  1327.12589074	     0.94247476
  1327.61095137	     0.94456165
  1328.09601200	     0.94638138
  1328.58107263	     0.94793910
  1329.06613327	     0.94924243
  1329.55119390	     0.95030125
  1330.03625453	     0.95112746
  1330.52131516	     0.95173473
  1331.00637580	     0.95213828
  1331.49143643	     0.95235461
  1331.97649707	     0.95240129
  1332.46155769	     0.95229667
  1332.94661833	     0.95205972
  1333.43167896	     0.95170975
  1333.91673960	     0.95126624
  1334.40180022	     0.95074861
  1334.88686085	     0.95017603
  1335.37192149	     0.94956729
  1335.85698212	     0.94894056
  1336.34204276	     0.94831330
  1336.82710338	     0.94770205
  1337.31216402	     0.94712238
  1337.79722465	     0.94658870
  1338.28228529	     0.94611418
  1338.76734592	     0.94571065
  1339.25240655	     0.94538852
  1339.73746718	     0.94515671
  1340.22252782	     0.94502260
  1340.70758845	     0.94499197
  1341.19264908	     0.94506903
  1341.67770971	     0.94525634
  1342.16277035	     0.94555491
  1342.64783098	     0.94596414
  1343.13289162	     0.94648198
  1343.61795224	     0.94710490
  1344.10301288	     0.94782807
  1344.58807351	     0.94864540
  1345.07313414	     0.94954972
  1345.55819477	     0.95053290
  1346.04325540	     0.95158600
  1346.52831604	     0.95269946
  1347.01337667	     0.95386325
  1347.49843731	     0.95506709
  1347.98349793	     0.95630057
  1348.46855857	     0.95755336
  1348.95361920	     0.95881541
  1349.43867984	     0.96007703
  1349.92374046	     0.96132911
  1350.40880110	     0.96256321
  1350.89386173	     0.96377168
  1351.37892237	     0.96494774
  1351.86398300	     0.96608555
  1352.34904363	     0.96718025
  1352.83410426	     0.96822797
  1353.31916490	     0.96922585
  1353.80422553	     0.97017197
  1354.28928617	     0.97106534
  1354.77434679	     0.97190582
  1355.25940743	     0.97269403
  1355.74446806	     0.97343127
  1356.22952869	     0.97411942
  1356.71458932	     0.97476083
  1357.19964995	     0.97535821
  1357.68471059	     0.97591452
  1358.16977122	     0.97643288
  1358.65483186	     0.97691645
  1359.13989248	     0.97736839
  1359.62495312	     0.97779173
  1360.11001375	     0.97818934
  1360.59507439	     0.97856389
  1361.08013501	     0.97891779
  1361.56519565	     0.97925318
  1362.05025628	     0.97957193
  1362.53531692	     0.97987566
  1363.02037755	     0.98016572
  1363.50543818	     0.98044323
  1363.99049881	     0.98070916
  1364.47555945	     0.98096429
  1364.96062008	     0.98120931
  1365.44568071	     0.98144488
  1365.93074134	     0.98167161
  1366.41580197	     0.98189016
  1366.90086261	     0.98210124
  1367.38592324	     0.98230570
  1367.87098387	     0.98250448
  1368.35604450	     0.98269867
  1368.84110514	     0.98288954
  1369.32616577	     0.98307849
  1369.81122641	     0.98326707
  1370.29628703	     0.98345698
  1370.78134767	     0.98365000
  1371.26640830	     0.98384800
  1371.75146894	     0.98405291
  1372.23652956	     0.98426661
  1372.72159020	     0.98449099
  1373.20665083	     0.98472780
  1373.69171147	     0.98497869
  1374.17677210	     0.98524512
  1374.66183273	     0.98552832
  1375.14689336	     0.98582927
  1375.63195400	     0.98614866
  1376.11701463	     0.98648689
  1376.60207525	     0.98684401
  1377.08713589	     0.98721974
  1377.57219652	     0.98761345
  1378.05725716	     0.98802421
  1378.54231779	     0.98845073
  1379.02737842	     0.98889146
  1379.51243905	     0.98934457
  1379.99749969	     0.98980797
  1380.48256032	     0.99027940
  1380.96762095	     0.99075642
  1381.45268158	     0.99123650
  1381.93774222	     0.99171699
  1382.42280285	     0.99219523
  1382.90786349	     0.99266856
  1383.39292411	     0.99313436
  1383.87798475	     0.99359008
  1384.36304538	     0.99403325
  1384.84810602	     0.99446153
  1385.33316665	     0.99487272
  1385.81822728	     0.99526475
  1386.30328791	     0.99563568
  1386.78834854	     0.99598371
  1387.27340918	     0.99630718
  1387.75846980	     0.99660451
  1388.24353044	     0.99687423
  1388.72859107	     0.99711489
  1389.21365171	     0.99732509
  1389.69871234	     0.99750342
  1390.18377297	     0.99764842
  1390.66883360	     0.99775856
  1391.15389424	     0.99783219
  1391.63895487	     0.99786753
  1392.12401550	     0.99786263
  1392.60907613	     0.99781535
  1393.09413677	     0.99772334
  1393.57919740	     0.99758406
  1394.06425804	     0.99739473
  1394.54931866	     0.99715238
  1395.03437930	     0.99685387
  1395.51943993	     0.99649591
  1396.00450057	     0.99607510
  1396.48956120	     0.99558800
  1396.97462182	     0.99503118
  1397.45968246	     0.99440131
  1397.94474309	     0.99369526
  1398.42980373	     0.99291018
  1398.91486435	     0.99204360
  1399.39992499	     0.99109355
  1399.88498562	     0.99005871
  1400.37004626	     0.98893845
  1400.85510689	     0.98773301
  1401.34016752	     0.98644359
  1401.82522815	     0.98507244
  1402.31028879	     0.98362294
  1402.79534942	     0.98209969
  1403.28041005	     0.98050858
  1403.76547068	     0.97885677
  1404.25053132	     0.97715275
  1404.73559195	     0.97540626
  1405.22065259	     0.97362832
  1405.70571321	     0.97183105
  1406.19077385	     0.97002764
  1406.67583448	     0.96823219
  1407.16089511	     0.96645949
  1407.64595574	     0.96472490
  1408.13101637	     0.96304407
  1408.61607701	     0.96143272
  1409.10113764	     0.95990640
  1409.58619828	     0.95848021
  1410.07125890	     0.95716853
  1410.55631954	     0.95598477
  1411.04138017	     0.95494110
  1411.52644081	     0.95404821
  1412.01150144	     0.95331511
  1412.49656207	     0.95274892
  1412.98162270	     0.95235471
  1413.46668334	     0.95213540
  1413.95174397	     0.95209163
  1414.43680460	     0.95222179
  1414.92186523	     0.95252195
  1415.40692587	     0.95298597
  1415.89198650	     0.95360556
  1416.37704714	     0.95437039
  1416.86210776	     0.95526833
  1417.34716840	     0.95628560
  1417.83222903	     0.95740700
  1418.31728966	     0.95861621
  1418.80235029	     0.95989602
  1419.28741092	     0.96122865
  1419.77247156	     0.96259603
  1420.25753219	     0.96398007
  1420.74259283	     0.96536297
  1421.22765345	     0.96672746
  1421.71271409	     0.96805707
  1422.19777472	     0.96933634
  1422.68283536	     0.97055099
  1423.16789598	     0.97168812
  1423.65295662	     0.97273629
  1424.13801725	     0.97368566
  1424.62307789	     0.97452797
  1425.10813852	     0.97525660
  1425.59319915	     0.97586651
  1426.07825978	     0.97635419
  1426.56332042	     0.97671754
  1427.04838105	     0.97695574
  1427.53344169	     0.97706907
  1428.01850231	     0.97705873
  1428.50356294	     0.97692660
  1428.98862358	     0.97667503
  1429.47368421	     0.97630655
  1429.95874484	     0.97582365
  1430.44380547	     0.97522850
  1430.92886611	     0.97452268
  1431.41392674	     0.97370695
  1431.89898738	     0.97278101
  1432.38404800	     0.97174327
  1432.86910864	     0.97059069
  1433.35416927	     0.96931862
  1433.83922991	     0.96792065
  1434.32429053	     0.96638861
  1434.80935117	     0.96471248
  1435.29441180	     0.96288046
  1435.77947244	     0.96087905
  1436.26453307	     0.95869317
  1436.74959370	     0.95630641
  1437.23465433	     0.95370123
  1437.71971497	     0.95085931
  1438.20477560	     0.94776192
  1438.68983622	     0.94439032
  1439.17489686	     0.94072624
  1439.65995749	     0.93675235
  1440.14501813	     0.93245278
  1440.63007876	     0.92781371
  1441.11513939	     0.92282382
  1441.60020002	     0.91747491
  1442.08526066	     0.91176237
  1442.57032129	     0.90568568
  1443.05538193	     0.89924883
  1443.54044255	     0.89246073
  1444.02550319	     0.88533549
  1444.51056382	     0.87789267
  1444.99562446	     0.87015739
  1445.48068508	     0.86216042
  1445.96574572	     0.85393805
  1446.45080635	     0.84553194
  1446.93586699	     0.83698887
  1447.42092762	     0.82836027
  1447.90598825	     0.81970177
  1448.39104888	     0.81107261
  1448.87610951	     0.80253490
  1449.36117015	     0.79415290
  1449.84623077	     0.78599215
  1450.33129141	     0.77811863
  1450.81635204	     0.77059781
  1451.30141268	     0.76349375
  1451.78647331	     0.75686819
  1452.27153394	     0.75077963
  1452.75659457	     0.74528248
  1453.24165521	     0.74042631
  1453.72671584	     0.73625511
  1454.21177647	     0.73280666
  1454.69683710	     0.73011203
  1455.18189774	     0.72819518
  1455.66695837	     0.72707266
  1456.15201901	     0.72675344
  1456.63707963	     0.72723889
  1457.12214027	     0.72852286
  1457.60720090	     0.73059187
  1458.09226154	     0.73342540
  1458.57732217	     0.73699635
  1459.06238280	     0.74127147
  1459.54744343	     0.74621199
  1460.03250406	     0.75177423
  1460.51756470	     0.75791027
  1461.00262532	     0.76456868
  1461.48768596	     0.77169528
  1461.97274659	     0.77923381
  1462.45780723	     0.78712672
  1462.94286786	     0.79531587
  1463.42792849	     0.80374318
  1463.91298912	     0.81235128
  1464.39804976	     0.82108411
  1464.88311039	     0.82988745
  1465.36817102	     0.83870940
  1465.85323165	     0.84750077
  1466.33829229	     0.85621544
  1466.82335292	     0.86481066
  1467.30841356	     0.87324725
  1467.79347418	     0.88148978
  1468.27853482	     0.88950663
  1468.76359545	     0.89727007
  1469.24865608	     0.90475622
  1469.73371671	     0.91194501
  1470.21877734	     0.91882005
  1470.70383798	     0.92536848
  1471.18889861	     0.93158082
  1471.67395925	     0.93745070
  1472.15901987	     0.94297464
  1472.64408051	     0.94815179
  1473.12914114	     0.95298361
  1473.61420178	     0.95747356
  1474.09926241	     0.96162683
  1474.58432304	     0.96544993
  1475.06938367	     0.96895039
  1475.55444431	     0.97213642
  1476.03950494	     0.97501657
  1476.52456557	     0.97759932
  1477.00962620	     0.97989282
  1477.49468684	     0.98190452
  1477.97974747	     0.98364079
  1478.46480811	     0.98510669
  1478.94986873	     0.98630559
  1479.43492937	     0.98723892
  1479.91999000	     0.98790589
  1480.40505063	     0.98830322
  1480.89011126	     0.98842498
  1481.37517189	     0.98826235
  1481.86023253	     0.98780350
  1482.34529316	     0.98703351
  1482.83035380	     0.98593428
  1483.31541442	     0.98448458
  1483.80047506	     0.98266013
  1484.28553569	     0.98043371
  1484.77059633	     0.97777544
  1485.25565695	     0.97465306
  1485.74071759	     0.97103236
  1486.22577822	     0.96687765
  1486.71083886	     0.96215239
  1487.19589949	     0.95681987
  1487.68096012	     0.95084398
  1488.16602075	     0.94419013
  1488.65108139	     0.93682614
  1489.13614202	     0.92872331
  1489.62120265	     0.91985749
  1490.10626328	     0.91021018
  1490.59132391	     0.89976963
  1491.07638455	     0.88853199
  1491.56144518	     0.87650235
  1492.04650581	     0.86369574
  1492.53156644	     0.85013799
  1493.01662708	     0.83586653
  1493.50168771	     0.82093094
  1493.98674835	     0.80539335
  1494.47180897	     0.78932862
  1494.95686961	     0.77282422
  1495.44193024	     0.75597989
  1495.92699088	     0.73890702
  1496.41205150	     0.72172770
  1496.89711214	     0.70457356
  1497.38217277	     0.68758423
  1497.86723341	     0.67090564
  1498.35229404	     0.65468805
  1498.83735467	     0.63908386
  1499.32241530	     0.62424531
  1499.80747594	     0.61032204
  1500.29253657	     0.59745860
  1500.77759719	     0.58579200
  1501.26265783	     0.57544926
  1501.74771846	     0.56654511
  1502.23277910	     0.55917993
  1502.71783973	     0.55343780
  1503.20290036	     0.54938495
  1503.68796099	     0.54706846
  1504.17302163	     0.54651539
  1504.65808226	     0.54773220
  1505.14314290	     0.55070468
  1505.62820352	     0.55539817
  1506.11326416	     0.56175829
  1506.59832479	     0.56971194
  1507.08338543	     0.57916874
  1507.56844605	     0.59002271
  1508.05350669	     0.60215425
  1508.53856732	     0.61543234
  1509.02362796	     0.62971688
  1509.50868859	     0.64486115
  1509.99374922	     0.66071430
  1510.47880985	     0.67712379
  1510.96387048	     0.69393782
  1511.44893112	     0.71100763
  1511.93399174	     0.72818950
  1512.41905238	     0.74534678
  1512.90411301	     0.76235140
  1513.38917365	     0.77908538
  1513.87423428	     0.79544185
  1514.35929491	     0.81132592
  1514.84435554	     0.82665519
  1515.32941618	     0.84136003
  1515.81447681	     0.85538359
  1516.29953744	     0.86868154
  1516.78459807	     0.88122166
  1517.26965871	     0.89298316
  1517.75471934	     0.90395595
  1518.23977998	     0.91413968
  1518.72484060	     0.92354277
  1519.20990124	     0.93218136
  1519.69496187	     0.94007822
  1520.18002251	     0.94726167
  1520.66508314	     0.95376448
  1521.15014376	     0.95962291
  1521.63520440	     0.96487570
  1522.12026503	     0.96956322
  1522.60532567	     0.97372662
  1523.09038629	     0.97740715
  1523.57544693	     0.98064552
  1524.06050756	     0.98348140
  1524.54556820	     0.98595292
  1525.03062883	     0.98809639
  1525.51568946	     0.98994599
  1526.00075009	     0.99153358
  1526.48581073	     0.99288857
  1526.97087136	     0.99403786
  1527.45593199	     0.99500582
  1527.94099262	     0.99581432
  1528.42605326	     0.99648274
  1528.91111389	     0.99702814
  1529.39617453	     0.99746526
  1529.88123515	     0.99780672
  1530.36629579	     0.99806309
  1530.85135642	     0.99824308
  1531.33641705	     0.99835359
  1531.82147768	     0.99839991
  1532.30653831	     0.99838583
  1532.79159895	     0.99831373
  1533.27665958	     0.99818476
  1533.76172022	     0.99799890
  1534.24678084	     0.99775512
  1534.73184148	     0.99745145
  1535.21690211	     0.99708512
  1535.70196275	     0.99665269
  1536.18702338	     0.99615012
  1536.67208401	     0.99557292
  1537.15714464	     0.99491627
  1537.64220528	     0.99417516
  1538.12726591	     0.99334450
  1538.61232654	     0.99241930
  1539.09738717	     0.99139483
  1539.58244781	     0.99026673
  1540.06750844	     0.98903121
  1540.55256908	     0.98768522
  1541.03762970	     0.98622661
  1541.52269034	     0.98465430
  1542.00775097	     0.98296843
  1542.49281160	     0.98117050
  1542.97787223	     0.97926355
  1543.46293286	     0.97725223
  1543.94799350	     0.97514291
  1544.43305413	     0.97294376
  1544.91811477	     0.97066476
  1545.40317539	     0.96831772
  1545.88823603	     0.96591626
  1546.37329666	     0.96347567
  1546.85835730	     0.96101288
  1547.34341793	     0.95854622
  1547.82847856	     0.95609528
  1548.31353919	     0.95368063
  1548.79859983	     0.95132358
  1549.28366046	     0.94904585
  1549.76872109	     0.94686928
  1550.25378172	     0.94481542
  1550.73884236	     0.94290523
  1551.22390299	     0.94115869
  1551.70896363	     0.93959445
  1552.19402425	     0.93822949
  1552.67908488	     0.93707878
  1553.16414552	     0.93615502
  1553.64920615	     0.93546835
  1554.13426678	     0.93502616
  1554.61932741	     0.93483292
  1555.10438805	     0.93489006
  1555.58944868	     0.93519595
  1556.07450932	     0.93574584
  1556.55956994	     0.93653200
  1557.04463058	     0.93754374
  1557.52969121	     0.93876765
  1558.01475185	     0.94018778
  1558.49981247	     0.94178589
  1558.98487311	     0.94354172
  1559.46993374	     0.94543333
  1559.95499438	     0.94743743
  1560.44005501	     0.94952971
  1560.92511564	     0.95168519
  1561.41017627	     0.95387855
  1561.89523691	     0.95608452
  1562.38029754	     0.95827813
  1562.86535817	     0.96043504
  1563.35041880	     0.96253183
  1563.83547943	     0.96454621
  1564.32054007	     0.96645729
  1564.80560070	     0.96824569
  1565.29066133	     0.96989377
  1565.77572196	     0.97138575
  1566.26078260	     0.97270775
  1566.74584323	     0.97384796
  1567.23090387	     0.97479663
  1567.71596449	     0.97554613
  1568.20102513	     0.97609099
  1568.68608576	     0.97642787
  1569.17114640	     0.97655559
  1569.65620702	     0.97647508
  1570.14126766	     0.97618941
  1570.62632829	     0.97570368
  1571.11138893	     0.97502505
  1571.59644956	     0.97416266
  1572.08151019	     0.97312752
  1572.56657082	     0.97193252
  1573.05163145	     0.97059226
  1573.53669209	     0.96912298
  1574.02175271	     0.96754241
  1574.50681335	     0.96586966
  1574.99187398	     0.96412498
  1575.47693462	     0.96232963
  1575.96199525	     0.96050563
  1576.44705588	     0.95867552
  1576.93211651	     0.95686215
  1577.41717715	     0.95508831
  1577.90223778	     0.95337656
  1578.38729842	     0.95174883
  1578.87235904	     0.95022617
  1579.35741968	     0.94882846
  1579.84248031	     0.94757408
  1580.32754095	     0.94647967
  1580.81260157	     0.94555983
  1581.29766221	     0.94482691
  1581.78272284	     0.94429084
  1582.26778348	     0.94395889
  1582.75284411	     0.94383561
  1583.23790473	     0.94392268
  1583.72296537	     0.94421894
  1584.20802600	     0.94472031
  1584.69308664	     0.94541992
  1585.17814726	     0.94630809
  1585.66320790	     0.94737252
  1586.14826853	     0.94859842
  1586.63332917	     0.94996864
  1587.11838980	     0.95146393
  1587.60345043	     0.95306307
  1588.08851106	     0.95474314
  1588.57357170	     0.95647966
  1589.05863233	     0.95824684
  1589.54369296	     0.96001773
  1590.02875359	     0.96176439
  1590.51381423	     0.96345803
  1590.99887486	     0.96506913
  1591.48393550	     0.96656751
  1591.96899612	     0.96792242
  1592.45405676	     0.96910256
  1592.93911739	     0.97007612
  1593.42417802	     0.97081076
  1593.90923866	     0.97127369
  1594.39429928	     0.97143161
  1594.87935992	     0.97125075
  1595.36442055	     0.97069697
  1595.84948119	     0.96973578
  1596.33454181	     0.96833252
  1596.81960245	     0.96645252
  1597.30466308	     0.96406135
  1597.78972372	     0.96112517
  1598.27478435	     0.95761108
  1598.75984498	     0.95348763
  1599.24490561	     0.94872537
  1599.72996625	     0.94329749
  1600.21502688	     0.93718048
  1600.70008751	     0.93035496
  1601.18514814	     0.92280644
  1601.67020878	     0.91452616
  1602.15526941	     0.90551199
  1602.64033005	     0.89576920
  1603.12539067	     0.88531132
  1603.61045131	     0.87416081
  1604.09551194	     0.86234975
  1604.58057257	     0.84992036
  1605.06563320	     0.83692531
  1605.55069383	     0.82342798
  1606.03575447	     0.80950239
  1606.52081510	     0.79523304
  1607.00587574	     0.78071440
  1607.49093636	     0.76605024
  1607.97599700	     0.75135270
  1608.46105763	     0.73674110
  1608.94611827	     0.72234052
  1609.43117890	     0.70828025
  1609.91623953	     0.69469193
  1610.40130016	     0.68170768
  1610.88636080	     0.66945802
  1611.37142143	     0.65806978
  1611.85648206	     0.64766395
  1612.34154269	     0.63835363
  1612.82660333	     0.63024201
  1613.31166396	     0.62342048
  1613.79672459	     0.61796697
  1614.28178522	     0.61394450
  1614.76684585	     0.61139994
  1615.25190649	     0.61036318
  1615.73696712	     0.61084652
  1616.22202775	     0.61284444
  1616.70708838	     0.61633376
  1617.19214902	     0.62127401
  1617.67720965	     0.62760830
  1618.16227029	     0.63526439
  1618.64733091	     0.64415604
  1619.13239155	     0.65418466
  1619.61745218	     0.66524112
  1620.10251282	     0.67720772
  1620.58757344	     0.68996028
  1621.07263408	     0.70337027
  1621.55769471	     0.71730693
  1622.04275535	     0.73163938
  1622.52781598	     0.74623861
  1623.01287661	     0.76097935
  1623.49793724	     0.77574175
  1623.98299788	     0.79041289
  1624.46805851	     0.80488808
  1624.95311914	     0.81907184
  1625.43817977	     0.83287876
  1625.92324040	     0.84623403
  1626.40830104	     0.85907373
  1626.89336167	     0.87134497
  1627.37842230	     0.88300570
  1627.86348293	     0.89402443
  1628.34854357	     0.90437974
  1628.83360420	     0.91405963
  1629.31866484	     0.92306081
  1629.80372546	     0.93138784
  1630.28878610	     0.93905224
  1630.77384673	     0.94607161
  1631.25890737	     0.95246863
  1631.74396799	     0.95827020
  1632.22902863	     0.96350651
  1632.71408926	     0.96821022
  1633.19914990	     0.97241564
  1633.68421053	     0.97615808
  1634.16927116	     0.97947313
  1634.65433179	     0.98239616
  1635.13939242	     0.98496182
  1635.62445306	     0.98720365
  1636.10951368	     0.98915374
  1636.59457432	     0.99084250
  1637.07963495	     0.99229846
  1637.56469559	     0.99354820
  1638.04975622	     0.99461622
  1638.53481685	     0.99552496
  1639.01987748	     0.99629482
  1639.50493812	     0.99694420
  1639.98999875	     0.99748959
  1640.47505939	     0.99794569
  1640.96012001	     0.99832548
  1641.44518065	     0.99864037
  1641.93024128	     0.99890036
  1642.41530192	     0.99911410
  1642.90036254	     0.99928908
  1643.38542318	     0.99943172
  1643.87048381	     0.99954751
  1644.35554445	     0.99964112
  1644.84060508	     0.99971647
  1645.32566571	     0.99977687
  1645.81072634	     0.99982509
  1646.29578697	     0.99986342
  1646.78084761	     0.99989377
  1647.26590823	     0.99991770
  1647.75096887	     0.99993649
  1648.23602950	     0.99995118
  1648.72109014	     0.99996261
  1649.20615077	     0.99997148
  1649.69121140	     0.99997833
  1650.17627203	     0.99998360
  1650.66133267	     0.99998764
  1651.14639330	     0.99999072
  1651.63145393	     0.99999306
  1652.11651456	     0.99999483
  1652.60157520	     0.99999616
  1653.08663583	     0.99999716
  1653.57169647	     0.99999791
  1654.05675709	     0.99999847
  1654.54181773	     0.99999888
  1655.02687836	     0.99999918
  1655.51193899	     0.99999941
  1655.99699963	     0.99999957
  1656.48206025	     0.99999969
  1656.96712089	     0.99999978
  1657.45218152	     0.99999984
  1657.93724216	     0.99999989
  1658.42230278	     0.99999992
  1658.90736342	     0.99999994
  1659.39242405	     0.99999996
  1659.87748469	     0.99999997
  1660.36254532	     0.99999998
  1660.84760595	     0.99999999
  1661.33266658	     0.99999999
  1661.81772722	     0.99999999
  1662.30278785	     1.00000000
  1662.78784848	     1.00000000
  1663.27290911	     1.00000000
  1663.75796975	     1.00000000
  1664.24303038	     1.00000000
  1664.72809102	     1.00000000
  1665.21315164	     1.00000000
  1665.69821228	     1.00000000
  1666.18327291	     1.00000000
  1666.66833354	     1.00000000
  1667.15339417	     1.00000000
  1667.63845480	     1.00000000
  1668.12351544	     1.00000000
  1668.60857607	     1.00000000
  1669.09363671	     1.00000000
  1669.57869733	     1.00000000
  1670.06375797	     1.00000000
  1670.54881860	     1.00000000
  1671.03387924	     1.00000000
  1671.51893987	     1.00000000
  1672.00400050	     1.00000000
  1672.48906113	     1.00000000
  1672.97412177	     1.00000000
  1673.45918240	     1.00000000
  1673.94424303	     1.00000000
  1674.42930366	     1.00000000
  1674.91436430	     1.00000000
  1675.39942493	     1.00000000
  1675.88448556	     1.00000000
  1676.36954619	     1.00000000
  1676.85460682	     1.00000000
  1677.33966746	     1.00000000
  1677.82472809	     1.00000000
  1678.30978872	     1.00000000
  1678.79484935	     1.00000000
  1679.27990999	     1.00000000
  1679.76497062	     1.00000000
  1680.25003126	     1.00000000
  1680.73509188	     1.00000000
  1681.22015252	     1.00000000
  1681.70521315	     1.00000000
  1682.19027379	     1.00000000
  1682.67533441	     1.00000000
  1683.16039505	     1.00000000
  1683.64545568	     1.00000000
  1684.13051632	     1.00000000
  1684.61557695	     1.00000000
  1685.10063758	     1.00000000
  1685.58569821	     1.00000000
  1686.07075885	     1.00000000
  1686.55581948	     1.00000000
  1687.04088011	     1.00000000
  1687.52594074	     1.00000000
  1688.01100137	     1.00000000
  1688.49606201	     1.00000000
  1688.98112264	     1.00000000
  1689.46618327	     1.00000000
  1689.95124390	     1.00000000
  1690.43630454	     1.00000000
  1690.92136517	     1.00000000
  1691.40642581	     1.00000000
  1691.89148643	     1.00000000
  1692.37654707	     1.00000000
  1692.86160770	     1.00000000
  1693.34666834	     1.00000000
  1693.83172896	     1.00000000
  1694.31678960	     1.00000000
  1694.80185023	     1.00000000
  1695.28691087	     1.00000000
  1695.77197150	     1.00000000
  1696.25703213	     1.00000000
  1696.74209276	     1.00000000
  1697.22715339	     1.00000000
  1697.71221403	     1.00000000
