   948.29353670	     0.96889252
   948.77859732	     0.96835708
   949.26365796	     0.96773598
   949.74871859	     0.96703722
   950.23377923	     0.96626973
   950.71883985	     0.96544326
   951.20390049	     0.96456823
   951.68896112	     0.96365566
   952.17402175	     0.96271698
   952.65908239	     0.96176391
   953.14414301	     0.96080831
   953.62920365	     0.95986202
   954.11426428	     0.95893671
   954.59932492	     0.95804372
   955.08438555	     0.95719389
   955.56944618	     0.95639741
   956.05450681	     0.95566370
   956.53956745	     0.95500122
   957.02462808	     0.95441738
   957.50968871	     0.95391837
   957.99474934	     0.95350913
   958.47980998	     0.95319317
   958.96487061	     0.95297258
   959.44993124	     0.95284790
   959.93499187	     0.95281816
   960.42005251	     0.95288079
   960.90511314	     0.95303166
   961.39017378	     0.95326510
   961.87523440	     0.95357390
   962.36029504	     0.95394942
   962.84535567	     0.95438159
   963.33041630	     0.95485901
   963.81547694	     0.95536904
   964.30053756	     0.95589788
   964.78559820	     0.95643066
   965.27065883	     0.95695157
   965.75571947	     0.95744389
   966.24078009	     0.95789016
   966.72584073	     0.95827227
   967.21090136	     0.95857152
   967.69596200	     0.95876877
   968.18102263	     0.95884454
   968.66608326	     0.95877908
   969.15114389	     0.95855254
   969.63620453	     0.95814505
   970.12126516	     0.95753688
   970.60632579	     0.95670857
   971.09138642	     0.95564107
   971.57644706	     0.95431594
   972.06150769	     0.95271552
   972.54656832	     0.95082312
   973.03162895	     0.94862328
   973.51668958	     0.94610196
   974.00175022	     0.94324681
   974.48681085	     0.94004743
   974.97187149	     0.93649563
   975.45693211	     0.93258570
   975.94199275	     0.92831471
   976.42705338	     0.92368273
   976.91211402	     0.91869312
   977.39717464	     0.91335273
   977.88223528	     0.90767214
   978.36729591	     0.90166580
   978.85235655	     0.89535218
   979.33741718	     0.88875387
   979.82247781	     0.88189758
   980.30753844	     0.87481411
   980.79259908	     0.86753832
   981.27765971	     0.86010889
   981.76272034	     0.85256817
   982.24778097	     0.84496183
   982.73284161	     0.83733852
   983.21790224	     0.82974940
   983.70296287	     0.82224769
   984.18802350	     0.81488807
   984.67308413	     0.80772606
   985.15814477	     0.80081737
   985.64320540	     0.79421719
   986.12826603	     0.78797947
   986.61332666	     0.78215614
   987.09838730	     0.77679642
   987.58344793	     0.77194600
   988.06850857	     0.76764639
   988.55356919	     0.76393420
   989.03862983	     0.76084054
   989.52369046	     0.75839040
   990.00875110	     0.75660221
   990.49381173	     0.75548738
   990.97887236	     0.75505003
   991.46393299	     0.75528678
   991.94899363	     0.75618663
   992.43405426	     0.75773097
   992.91911489	     0.75989377
   993.40417552	     0.76264180
   993.88923615	     0.76593499
   994.37429679	     0.76972697
   994.85935742	     0.77396558
   995.34441805	     0.77859366
   995.82947868	     0.78354971
   996.31453932	     0.78876885
   996.79959995	     0.79418364
   997.28466058	     0.79972507
   997.76972121	     0.80532356
   998.25478185	     0.81090990
   998.73984248	     0.81641626
   999.22490312	     0.82177717
   999.70996374	     0.82693038
  1000.19502438	     0.83181778
  1000.68008501	     0.83638617
  1001.16514565	     0.84058793
  1001.65020627	     0.84438166
  1002.13526691	     0.84773265
  1002.62032754	     0.85061326
  1003.10538818	     0.85300315
  1003.59044881	     0.85488942
  1004.07550943	     0.85626660
  1004.56057007	     0.85713646
  1005.04563070	     0.85750780
  1005.53069134	     0.85739600
  1006.01575197	     0.85682256
  1006.50081260	     0.85581445
  1006.98587323	     0.85440347
  1007.47093387	     0.85262540
  1007.95599450	     0.85051923
  1008.44105513	     0.84812624
  1008.92611576	     0.84548914
  1009.41117640	     0.84265112
  1009.89623703	     0.83965500
  1010.38129767	     0.83654232
  1010.86635829	     0.83335258
  1011.35141893	     0.83012244
  1011.83647956	     0.82688512
  1012.32154020	     0.82366974
  1012.80660082	     0.82050094
  1013.29166146	     0.81739845
  1013.77672209	     0.81437690
  1014.26178272	     0.81144569
  1014.74684336	     0.80860895
  1015.23190398	     0.80586573
  1015.71696462	     0.80321014
  1016.20202525	     0.80063173
  1016.68708589	     0.79811587
  1017.17214651	     0.79564424
  1017.65720715	     0.79319541
  1018.14226778	     0.79074540
  1018.62732842	     0.78826832
  1019.11238905	     0.78573699
  1019.59744968	     0.78312363
  1020.08251031	     0.78040046
  1020.56757095	     0.77754028
  1021.05263158	     0.77451712
  1021.53769222	     0.77130667
  1022.02275284	     0.76788685
  1022.50781348	     0.76423820
  1022.99287411	     0.76034422
  1023.47793475	     0.75619176
  1023.96299537	     0.75177126
  1024.44805600	     0.74707695
  1024.93311664	     0.74210704
  1025.41817727	     0.73686388
  1025.90323791	     0.73135402
  1026.38829853	     0.72558833
  1026.87335917	     0.71958198
  1027.35841980	     0.71335447
  1027.84348044	     0.70692967
  1028.32854106	     0.70033568
  1028.81360170	     0.69360484
  1029.29866233	     0.68677360
  1029.78372297	     0.67988234
  1030.26878360	     0.67297522
  1030.75384423	     0.66609992
  1031.23890486	     0.65930734
  1031.72396550	     0.65265126
  1032.20902613	     0.64618788
  1032.69408676	     0.63997532
  1033.17914739	     0.63407309
  1033.66420803	     0.62854139
  1034.14926866	     0.62344049
  1034.63432929	     0.61882988
  1035.11938992	     0.61476754
  1035.60445055	     0.61130906
  1036.08951119	     0.60850682
  1036.57457182	     0.60640911
  1037.05963246	     0.60505933
  1037.54469308	     0.60449516
  1038.02975372	     0.60474790
  1038.51481435	     0.60584176
  1038.99987499	     0.60779337
  1039.48493561	     0.61061132
  1039.96999625	     0.61429587
  1040.45505688	     0.61883881
  1040.94011752	     0.62422344
  1041.42517815	     0.63042472
  1041.91023878	     0.63740953
  1042.39529941	     0.64513714
  1042.88036005	     0.65355974
  1043.36542068	     0.66262312
  1043.85048131	     0.67226747
  1044.33554194	     0.68242819
  1044.82060258	     0.69303683
  1045.30566321	     0.70402206
  1045.79072384	     0.71531057
  1046.27578447	     0.72682807
  1046.76084510	     0.73850018
  1047.24590574	     0.75025332
  1047.73096637	     0.76201548
  1048.21602700	     0.77371693
  1048.70108763	     0.78529087
  1049.18614827	     0.79667391
  1049.67120890	     0.80780651
  1050.15626954	     0.81863325
  1050.64133016	     0.82910308
  1051.12639080	     0.83916937
  1051.61145143	     0.84878995
  1052.09651207	     0.85792706
  1052.58157270	     0.86654721
  1053.06663333	     0.87462098
  1053.55169396	     0.88212282
  1054.03675460	     0.88903080
  1054.52181523	     0.89532637
  1055.00687586	     0.90099408
  1055.49193649	     0.90602135
  1055.97699712	     0.91039826
  1056.46205776	     0.91411735
  1056.94711839	     0.91717347
  1057.43217902	     0.91956367
  1057.91723965	     0.92128710
  1058.40230029	     0.92234499
  1058.88736092	     0.92274065
  1059.37242155	     0.92247949
  1059.85748218	     0.92156905
  1060.34254282	     0.92001911
  1060.82760345	     0.91784170
  1061.31266409	     0.91505126
  1061.79772471	     0.91166465
  1062.28278535	     0.90770119
  1062.76784598	     0.90318276
  1063.25290662	     0.89813372
  1063.73796724	     0.89258093
  1064.22302788	     0.88655365
  1064.70808851	     0.88008342
  1065.19314915	     0.87320396
  1065.67820978	     0.86595090
  1066.16327040	     0.85836162
  1066.64833104	     0.85047496
  1067.13339167	     0.84233095
  1067.61845231	     0.83397051
  1068.10351294	     0.82543515
  1068.58857357	     0.81676667
  1069.07363420	     0.80800685
  1069.55869484	     0.79919718
  1070.04375547	     0.79037863
  1070.52881610	     0.78159136
  1071.01387673	     0.77287460
  1071.49893737	     0.76426648
  1071.98399800	     0.75580390
  1072.46905864	     0.74752248
  1072.95411926	     0.73945654
  1073.43917990	     0.73163907
  1073.92424053	     0.72410178
  1074.40930117	     0.71687515
  1074.89436179	     0.70998850
  1075.37942243	     0.70347003
  1075.86448306	     0.69734688
  1076.34954369	     0.69164520
  1076.83460433	     0.68639016
  1077.31966495	     0.68160592
  1077.80472559	     0.67731560
  1078.28978622	     0.67354119
  1078.77484686	     0.67030343
  1079.25990748	     0.66762161
  1079.74496812	     0.66551341
  1080.23002875	     0.66399462
  1080.71508939	     0.66307885
  1081.20015002	     0.66277733
  1081.68521065	     0.66309850
  1082.17027128	     0.66404780
  1082.65533192	     0.66562736
  1083.14039255	     0.66783574
  1083.62545319	     0.67066771
  1084.11051381	     0.67411411
  1084.59557445	     0.67816171
  1085.08063508	     0.68279316
  1085.56569572	     0.68798700
  1086.05075634	     0.69371778
  1086.53581697	     0.69995619
  1087.02087761	     0.70666931
  1087.50593824	     0.71382087
  1087.99099888	     0.72137166
  1088.47605950	     0.72927987
  1088.96112014	     0.73750161
  1089.44618077	     0.74599131
  1089.93124141	     0.75470229
  1090.41630203	     0.76358723
  1090.90136267	     0.77259866
  1091.38642330	     0.78168948
  1091.87148394	     0.79081342
  1092.35654457	     0.79992546
  1092.84160520	     0.80898220
  1093.32666583	     0.81794227
  1093.81172647	     0.82676656
  1094.29678710	     0.83541849
  1094.78184774	     0.84386422
  1095.26690836	     0.85207275
  1095.75196900	     0.86001603
  1096.23702963	     0.86766901
  1096.72209026	     0.87500966
  1097.20715089	     0.88201888
  1097.69221152	     0.88868050
  1098.17727216	     0.89498116
  1098.66233279	     0.90091022
  1099.14739343	     0.90645961
  1099.63245405	     0.91162375
  1100.11751469	     0.91639939
  1100.60257532	     0.92078547
  1101.08763596	     0.92478300
  1101.57269658	     0.92839493
  1102.05775722	     0.93162604
  1102.54281785	     0.93448276
  1103.02787849	     0.93697316
  1103.51293912	     0.93910672
  1103.99799975	     0.94089433
  1104.48306038	     0.94234810
  1104.96812102	     0.94348133
  1105.45318165	     0.94430834
  1105.93824228	     0.94484441
  1106.42330291	     0.94510568
  1106.90836355	     0.94510899
  1107.39342418	     0.94487183
  1107.87848481	     0.94441220
  1108.36354544	     0.94374849
  1108.84860607	     0.94289941
  1109.33366671	     0.94188381
  1109.81872734	     0.94072065
  1110.30378798	     0.93942883
  1110.78884860	     0.93802714
  1111.27390924	     0.93653411
  1111.75896987	     0.93496797
  1112.24403051	     0.93334656
  1112.72909113	     0.93168722
  1113.21415177	     0.93000678
  1113.69921240	     0.92832145
  1114.18427304	     0.92664680
  1114.66933367	     0.92499771
  1115.15439430	     0.92338832
  1115.63945493	     0.92183201
  1116.12451557	     0.92034132
  1116.60957620	     0.91892800
  1117.09463683	     0.91760288
  1117.57969746	     0.91637594
  1118.06475809	     0.91525617
  1118.54981873	     0.91425164
  1119.03487936	     0.91336938
  1119.51993999	     0.91261540
  1120.00500062	     0.91199464
  1120.49006126	     0.91151092
  1120.97512189	     0.91116696
  1121.46018252	     0.91096429
  1121.94524315	     0.91090329
  1122.43030379	     0.91098319
  1122.91536442	     0.91120202
  1123.40042506	     0.91155669
  1123.88548568	     0.91204300
  1124.37054632	     0.91265567
  1124.85560695	     0.91338846
  1125.34066759	     0.91423418
  1125.82572822	     0.91518487
  1126.31078885	     0.91623182
  1126.79584948	     0.91736578
  1127.28091012	     0.91857701
  1127.76597075	     0.91985549
  1128.25103137	     0.92119104
  1128.73609201	     0.92257343
  1129.22115264	     0.92399259
  1129.70621328	     0.92543866
  1130.19127391	     0.92690222
  1130.67633454	     0.92837428
  1131.16139517	     0.92984650
  1131.64645581	     0.93131117
  1132.13151644	     0.93276133
  1132.61657707	     0.93419075
  1133.10163770	     0.93559400
  1133.58669834	     0.93696637
  1134.07175897	     0.93830390
  1134.55681961	     0.93960324
  1135.04188023	     0.94086165
  1135.52694087	     0.94207682
  1136.01200150	     0.94324678
  1136.49706214	     0.94436976
  1136.98212276	     0.94544400
  1137.46718340	     0.94646764
  1137.95224403	     0.94743849
  1138.43730466	     0.94835387
  1138.92236530	     0.94921045
  1139.40742592	     0.95000407
  1139.89248656	     0.95072952
  1140.37754719	     0.95138047
  1140.86260783	     0.95194927
  1141.34766846	     0.95242686
  1141.83272909	     0.95280264
  1142.31778972	     0.95306447
  1142.80285036	     0.95319856
  1143.28791099	     0.95318953
  1143.77297162	     0.95302043
  1144.25803225	     0.95267283
  1144.74309289	     0.95212695
  1145.22815352	     0.95136184
  1145.71321416	     0.95035562
  1146.19827478	     0.94908575
  1146.68333542	     0.94752935
  1147.16839605	     0.94566358
  1147.65345669	     0.94346606
  1148.13851731	     0.94091532
  1148.62357795	     0.93799127
  1149.10863858	     0.93467574
  1149.59369921	     0.93095298
  1150.07875985	     0.92681020
  1150.56382047	     0.92223807
  1151.04888111	     0.91723125
  1151.53394174	     0.91178883
  1152.01900238	     0.90591473
  1152.50406300	     0.89961810
  1152.98912364	     0.89291352
  1153.47418427	     0.88582124
  1153.95924491	     0.87836724
  1154.44430554	     0.87058318
  1154.92936617	     0.86250626
  1155.41442680	     0.85417895
  1155.89948744	     0.84564856
  1156.38454807	     0.83696672
  1156.86960871	     0.82818874
  1157.35466933	     0.81937284
  1157.83972997	     0.81057931
  1158.32479060	     0.80186955
  1158.80985123	     0.79330507
  1159.29491186	     0.78494646
  1159.77997249	     0.77685236
  1160.26503313	     0.76907838
  1160.75009376	     0.76167609
  1161.23515440	     0.75469210
  1161.72021502	     0.74816723
  1162.20527566	     0.74213569
  1162.69033629	     0.73662455
  1163.17539693	     0.73165327
  1163.66045755	     0.72723339
  1164.14551819	     0.72336844
  1164.63057882	     0.72005399
  1165.11563946	     0.71727793
  1165.60070009	     0.71502087
  1166.08576072	     0.71325675
  1166.57082135	     0.71195354
  1167.05588199	     0.71107414
  1167.54094262	     0.71057731
  1168.02600325	     0.71041877
  1168.51106388	     0.71055223
  1168.99612452	     0.71093053
  1169.48118515	     0.71150678
  1169.96624578	     0.71223533
  1170.45130641	     0.71307285
  1170.93636704	     0.71397917
  1171.42142768	     0.71491811
  1171.90648831	     0.71585807
  1172.39154895	     0.71677259
  1172.87660957	     0.71764065
  1173.36167021	     0.71844685
  1173.84673084	     0.71918146
  1174.33179148	     0.71984025
  1174.81685210	     0.72042423
  1175.30191274	     0.72093920
  1175.78697337	     0.72139525
  1176.27203401	     0.72180608
  1176.75709464	     0.72218836
  1177.24215527	     0.72256088
  1177.72721590	     0.72294386
  1178.21227654	     0.72335808
  1178.69733717	     0.72382414
  1179.18239780	     0.72436173
  1179.66745843	     0.72498895
  1180.15251906	     0.72572172
  1180.63757970	     0.72657327
  1181.12264033	     0.72755378
  1181.60770096	     0.72867003
  1182.09276159	     0.72992530
  1182.57782223	     0.73131929
  1183.06288286	     0.73284818
  1183.54794349	     0.73450484
  1184.03300412	     0.73627909
  1184.51806476	     0.73815807
  1185.00312539	     0.74012672
  1185.48818603	     0.74216830
  1185.97324665	     0.74426493
  1186.45830729	     0.74639823
  1186.94336792	     0.74854989
  1187.42842856	     0.75070233
  1187.91348919	     0.75283927
  1188.39854982	     0.75494626
  1188.88361045	     0.75701119
  1189.36867109	     0.75902473
  1189.85373172	     0.76098068
  1190.33879234	     0.76287618
  1190.82385298	     0.76471192
  1191.30891361	     0.76649216
  1191.79397425	     0.76822470
  1192.27903488	     0.76992072
  1192.76409551	     0.77159451
  1193.24915614	     0.77326311
  1193.73421678	     0.77494590
  1194.21927741	     0.77666408
  1194.70433804	     0.77844005
  1195.18939867	     0.78029686
  1195.67445931	     0.78225749
  1196.15951994	     0.78434419
  1196.64458058	     0.78657787
  1197.12964120	     0.78897736
  1197.61470184	     0.79155890
  1198.09976247	     0.79433550
  1198.58482311	     0.79731649
  1199.06988373	     0.80050712
  1199.55494437	     0.80390817
  1200.04000500	     0.80751580
  1200.52506563	     0.81132135
  1201.01012627	     0.81531135
  1201.49518689	     0.81946756
  1201.98024753	     0.82376716
  1202.46530816	     0.82818297
  1202.95036880	     0.83268384
  1203.43542943	     0.83723500
  1203.92049006	     0.84179857
  1204.40555069	     0.84633407
  1204.89061133	     0.85079896
  1205.37567196	     0.85514927
  1205.86073259	     0.85934010
  1206.34579322	     0.86332628
  1206.83085386	     0.86706293
  1207.31591449	     0.87050597
  1207.80097513	     0.87361268
  1208.28603575	     0.87634216
  1208.77109639	     0.87865575
  1209.25615702	     0.88051745
  1209.74121766	     0.88189421
  1210.22627828	     0.88275624
  1210.71133891	     0.88307725
  1211.19639955	     0.88283461
  1211.68146018	     0.88200949
  1212.16652082	     0.88058696
  1212.65158144	     0.87855603
  1213.13664208	     0.87590968
  1213.62170271	     0.87264481
  1214.10676335	     0.86876221
  1214.59182397	     0.86426647
  1215.07688461	     0.85916588
  1215.56194524	     0.85347227
  1216.04700588	     0.84720090
  1216.53206651	     0.84037026
  1217.01712714	     0.83300189
  1217.50218777	     0.82512019
  1217.98724841	     0.81675215
  1218.47230904	     0.80792720
  1218.95736968	     0.79867687
  1219.44243030	     0.78903462
  1219.92749094	     0.77903552
  1220.41255157	     0.76871604
  1220.89761220	     0.75811373
  1221.38267283	     0.74726700
  1221.86773346	     0.73621487
  1222.35279410	     0.72499665
  1222.83785473	     0.71365178
  1223.32291537	     0.70221954
  1223.80797599	     0.69073885
  1224.29303663	     0.67924803
  1224.77809726	     0.66778463
  1225.26315790	     0.65638519
  1225.74821852	     0.64508507
  1226.23327916	     0.63391820
  1226.71833979	     0.62291695
  1227.20340043	     0.61211181
  1227.68846106	     0.60153121
  1228.17352169	     0.59120125
  1228.65858232	     0.58114538
  1229.14364296	     0.57138409
  1229.62870359	     0.56193459
  1230.11376422	     0.55281034
  1230.59882485	     0.54402070
  1231.08388549	     0.53557049
  1231.56894612	     0.52745949
  1232.05400675	     0.51968200
  1232.53906738	     0.51222642
  1233.02412801	     0.50507477
  1233.50918865	     0.49820239
  1233.99424928	     0.49157756
  1234.47930992	     0.48516135
  1234.96437054	     0.47890749
  1235.44943118	     0.47276244
  1235.93449181	     0.46666558
  1236.41955245	     0.46054959
  1236.90461307	     0.45434110
  1237.38967371	     0.44796143
  1237.87473434	     0.44132768
  1238.35979498	     0.43435396
  1238.84485561	     0.42695288
  1239.32991624	     0.41903724
  1239.81497687	     0.41052192
  1240.30003751	     0.40132592
  1240.78509814	     0.39137456
  1241.27015877	     0.38060170
  1241.75521940	     0.36895209
  1242.24028003	     0.35638364
  1242.72534067	     0.34286958
  1243.21040130	     0.32840058
  1243.69546193	     0.31298656
  1244.18052256	     0.29665828
  1244.66558320	     0.27946858
  1245.15064383	     0.26149320
  1245.63570447	     0.24283123
  1246.12076509	     0.22360495
  1246.60582573	     0.20395926
  1247.09088636	     0.18406051
  1247.57594700	     0.16409481
  1248.06100762	     0.14426576
  1248.54606826	     0.12479172
  1249.03112889	     0.10590259
  1249.51618953	     0.08783616
  1250.00125016	     0.07083415
  1250.48631079	     0.05513793
  1250.97137142	     0.04098412
  1251.45643206	     0.02860016
  1251.94149269	     0.01819979
  1252.42655331	     0.00997884
  1252.91161395	     0.00411119
  1253.39667458	     0.00074509
  1253.88173522	     0.00000000
  1254.36679585	     0.00196395
  1254.85185648	     0.00669148
  1255.33691711	     0.01420236
  1255.82197775	     0.02448090
  1256.30703838	     0.03747610
  1256.79209901	     0.05310244
  1257.27715964	     0.07124150
  1257.76222028	     0.09174410
  1258.24728091	     0.11443318
  1258.73234155	     0.13910715
  1259.21740217	     0.16554370
  1259.70246281	     0.19350397
  1260.18752344	     0.22273692
  1260.67258408	     0.25298391
  1261.15764471	     0.28398322
  1261.64270534	     0.31547450
  1262.12776597	     0.34720308
  1262.61282660	     0.37892388
  1263.09788724	     0.41040509
  1263.58294786	     0.44143128
  1264.06800850	     0.47180609
  1264.55306913	     0.50135436
  1265.03812977	     0.52992368
  1265.52319040	     0.55738546
  1266.00825103	     0.58363528
  1266.49331166	     0.60859290
  1266.97837230	     0.63220162
  1267.46343293	     0.65442724
  1267.94849356	     0.67525665
  1268.43355419	     0.69469608
  1268.91861483	     0.71276901
  1269.40367546	     0.72951400
  1269.88873610	     0.74498229
  1270.37379672	     0.75923545
  1270.85885736	     0.77234289
  1271.34391799	     0.78437960
  1271.82897863	     0.79542388
  1272.31403925	     0.80555530
  1272.79909989	     0.81485282
  1273.28416052	     0.82339318
  1273.76922115	     0.83124948
  1274.25428179	     0.83849006
  1274.73934241	     0.84517764
  1275.22440305	     0.85136865
  1275.70946368	     0.85711290
  1276.19452432	     0.86245339
  1276.67958495	     0.86742635
  1277.16464558	     0.87206151
  1277.64970621	     0.87638240
  1278.13476685	     0.88040691
  1278.61982748	     0.88414782
  1279.10488811	     0.88761351
  1279.58994874	     0.89080857
  1280.07500938	     0.89373455
  1280.56007001	     0.89639065
  1281.04513065	     0.89877431
  1281.53019127	     0.90088192
  1282.01525191	     0.90270930
  1282.50031254	     0.90425221
  1282.98537317	     0.90550681
  1283.47043380	     0.90646995
  1283.95549443	     0.90713952
  1284.44055507	     0.90751460
  1284.92561570	     0.90759568
  1285.41067634	     0.90738470
  1285.89573696	     0.90688516
  1286.38079760	     0.90610210
  1286.86585823	     0.90504211
  1287.35091887	     0.90371325
  1287.83597949	     0.90212508
  1288.32104013	     0.90028850
  1288.80610076	     0.89821575
  1289.29116140	     0.89592032
  1289.77622203	     0.89341687
  1290.26128266	     0.89072115
  1290.74634329	     0.88784996
  1291.23140393	     0.88482103
  1291.71646456	     0.88165296
  1292.20152520	     0.87836515
  1292.68658582	     0.87497766
  1293.17164646	     0.87151112
  1293.65670709	     0.86798659
  1294.14176772	     0.86442544
  1294.62682835	     0.86084913
  1295.11188898	     0.85727908
  1295.59694962	     0.85373648
  1296.08201025	     0.85024200
  1296.56707089	     0.84681568
  1297.05213151	     0.84347661
  1297.53719215	     0.84024279
  1298.02225278	     0.83713085
  1298.50731342	     0.83415590
  1298.99237404	     0.83133135
  1299.47743468	     0.82866876
  1299.96249531	     0.82617773
  1300.44755595	     0.82386585
  1300.93261658	     0.82173867
  1301.41767721	     0.81979973
  1301.90273784	     0.81805063
  1302.38779848	     0.81649116
  1302.87285911	     0.81511947
  1303.35791974	     0.81393226
  1303.84298037	     0.81292503
  1304.32804100	     0.81209234
  1304.81310164	     0.81142808
  1305.29816227	     0.81092578
  1305.78322290	     0.81057889
  1306.26828353	     0.81038101
  1306.75334417	     0.81032619
  1307.23840480	     0.81040908
  1307.72346544	     0.81062515
  1308.20852606	     0.81097080
  1308.69358670	     0.81144341
  1309.17864733	     0.81204135
  1309.66370797	     0.81276397
  1310.14876859	     0.81361144
  1310.63382923	     0.81458467
  1311.11888986	     0.81568505
  1311.60395050	     0.81691424
  1312.08901113	     0.81827390
  1312.57407176	     0.81976538
  1313.05913239	     0.82138945
  1313.54419303	     0.82314597
  1314.02925366	     0.82503366
  1314.51431428	     0.82704975
  1314.99937492	     0.82918984
  1315.48443555	     0.83144769
  1315.96949619	     0.83381505
  1316.45455682	     0.83628165
  1316.93961745	     0.83883514
  1317.42467808	     0.84146119
  1317.90973872	     0.84414354
  1318.39479935	     0.84686428
  1318.87985998	     0.84960397
  1319.36492061	     0.85234205
  1319.84998125	     0.85505711
  1320.33504188	     0.85772728
  1320.82010252	     0.86033068
  1321.30516314	     0.86284577
  1321.79022378	     0.86525186
  1322.27528441	     0.86752950
  1322.76034505	     0.86966087
  1323.24540568	     0.87163022
  1323.73046631	     0.87342419
  1324.21552694	     0.87503211
  1324.70058757	     0.87644625
  1325.18564821	     0.87766204
  1325.67070883	     0.87867816
  1326.15576947	     0.87949664
  1326.64083010	     0.88012282
  1327.12589074	     0.88056528
  1327.61095137	     0.88083570
  1328.09601200	     0.88094866
  1328.58107263	     0.88092136
  1329.06613327	     0.88077331
  1329.55119390	     0.88052596
  1330.03625453	     0.88020232
  1330.52131516	     0.87982652
  1331.00637580	     0.87942336
  1331.49143643	     0.87901791
  1331.97649707	     0.87863500
  1332.46155769	     0.87829882
  1332.94661833	     0.87803252
  1333.43167896	     0.87785780
  1333.91673960	     0.87779458
  1334.40180022	     0.87786071
  1334.88686085	     0.87807167
  1335.37192149	     0.87844045
  1335.85698212	     0.87897730
  1336.34204276	     0.87968972
  1336.82710338	     0.88058238
  1337.31216402	     0.88165715
  1337.79722465	     0.88291314
  1338.28228529	     0.88434685
  1338.76734592	     0.88595228
  1339.25240655	     0.88772116
  1339.73746718	     0.88964312
  1340.22252782	     0.89170600
  1340.70758845	     0.89389604
  1341.19264908	     0.89619820
  1341.67770971	     0.89859643
  1342.16277035	     0.90107394
  1342.64783098	     0.90361349
  1343.13289162	     0.90619765
  1343.61795224	     0.90880906
  1344.10301288	     0.91143066
  1344.58807351	     0.91404592
  1345.07313414	     0.91663902
  1345.55819477	     0.91919505
  1346.04325540	     0.92170013
  1346.52831604	     0.92414159
  1347.01337667	     0.92650803
  1347.49843731	     0.92878941
  1347.98349793	     0.93097714
  1348.46855857	     0.93306410
  1348.95361920	     0.93504465
  1349.43867984	     0.93691467
  1349.92374046	     0.93867148
  1350.40880110	     0.94031387
  1350.89386173	     0.94184200
  1351.37892237	     0.94325738
  1351.86398300	     0.94456275
  1352.34904363	     0.94576200
  1352.83410426	     0.94686007
  1353.31916490	     0.94786285
  1353.80422553	     0.94877701
  1354.28928617	     0.94960990
  1354.77434679	     0.95036940
  1355.25940743	     0.95106378
  1355.74446806	     0.95170152
  1356.22952869	     0.95229116
  1356.71458932	     0.95284119
  1357.19964995	     0.95335983
  1357.68471059	     0.95385491
  1358.16977122	     0.95433373
  1358.65483186	     0.95480290
  1359.13989248	     0.95526827
  1359.62495312	     0.95573472
  1360.11001375	     0.95620618
  1360.59507439	     0.95668545
  1361.08013501	     0.95717420
  1361.56519565	     0.95767292
  1362.05025628	     0.95818090
  1362.53531692	     0.95869623
  1363.02037755	     0.95921584
  1363.50543818	     0.95973556
  1363.99049881	     0.96025017
  1364.47555945	     0.96075355
  1364.96062008	     0.96123872
  1365.44568071	     0.96169807
  1365.93074134	     0.96212343
  1366.41580197	     0.96250629
  1366.90086261	     0.96283793
  1367.38592324	     0.96310965
  1367.87098387	     0.96331292
  1368.35604450	     0.96343957
  1368.84110514	     0.96348200
  1369.32616577	     0.96343329
  1369.81122641	     0.96328743
  1370.29628703	     0.96303943
  1370.78134767	     0.96268546
  1371.26640830	     0.96222295
  1371.75146894	     0.96165070
  1372.23652956	     0.96096894
  1372.72159020	     0.96017934
  1373.20665083	     0.95928510
  1373.69171147	     0.95829084
  1374.17677210	     0.95720265
  1374.66183273	     0.95602797
  1375.14689336	     0.95477555
  1375.63195400	     0.95345530
  1376.11701463	     0.95207820
  1376.60207525	     0.95065613
  1377.08713589	     0.94920169
  1377.57219652	     0.94772808
  1378.05725716	     0.94624886
  1378.54231779	     0.94477779
  1379.02737842	     0.94332864
  1379.51243905	     0.94191496
  1379.99749969	     0.94054992
  1380.48256032	     0.93924612
  1380.96762095	     0.93801540
  1381.45268158	     0.93686869
  1381.93774222	     0.93581585
  1382.42280285	     0.93486555
  1382.90786349	     0.93402514
  1383.39292411	     0.93330055
  1383.87798475	     0.93269624
  1384.36304538	     0.93221513
  1384.84810602	     0.93185859
  1385.33316665	     0.93162639
  1385.81822728	     0.93151678
  1386.30328791	     0.93152650
  1386.78834854	     0.93165084
  1387.27340918	     0.93188373
  1387.75846980	     0.93221785
  1388.24353044	     0.93264475
  1388.72859107	     0.93315498
  1389.21365171	     0.93373825
  1389.69871234	     0.93438359
  1390.18377297	     0.93507952
  1390.66883360	     0.93581421
  1391.15389424	     0.93657569
  1391.63895487	     0.93735199
  1392.12401550	     0.93813131
  1392.60907613	     0.93890220
  1393.09413677	     0.93965371
  1393.57919740	     0.94037549
  1394.06425804	     0.94105794
  1394.54931866	     0.94169228
  1395.03437930	     0.94227064
  1395.51943993	     0.94278612
  1396.00450057	     0.94323278
  1396.48956120	     0.94360570
  1396.97462182	     0.94390090
  1397.45968246	     0.94411535
  1397.94474309	     0.94424689
  1398.42980373	     0.94429414
  1398.91486435	     0.94425643
  1399.39992499	     0.94413366
  1399.88498562	     0.94392623
  1400.37004626	     0.94363490
  1400.85510689	     0.94326067
  1401.34016752	     0.94280467
  1401.82522815	     0.94226804
  1402.31028879	     0.94165188
  1402.79534942	     0.94095709
  1403.28041005	     0.94018438
  1403.76547068	     0.93933418
  1404.25053132	     0.93840661
  1404.73559195	     0.93740149
  1405.22065259	     0.93631837
  1405.70571321	     0.93515651
  1406.19077385	     0.93391500
  1406.67583448	     0.93259281
  1407.16089511	     0.93118887
  1407.64595574	     0.92970221
  1408.13101637	     0.92813205
  1408.61607701	     0.92647797
  1409.10113764	     0.92474001
  1409.58619828	     0.92291886
  1410.07125890	     0.92101594
  1410.55631954	     0.91903360
  1411.04138017	     0.91697521
  1411.52644081	     0.91484528
  1412.01150144	     0.91264960
  1412.49656207	     0.91039527
  1412.98162270	     0.90809077
  1413.46668334	     0.90574603
  1413.95174397	     0.90337240
  1414.43680460	     0.90098262
  1414.92186523	     0.89859076
  1415.40692587	     0.89621214
  1415.89198650	     0.89386318
  1416.37704714	     0.89156124
  1416.86210776	     0.88932441
  1417.34716840	     0.88717131
  1417.83222903	     0.88512079
  1418.31728966	     0.88319166
  1418.80235029	     0.88140243
  1419.28741092	     0.87977092
  1419.77247156	     0.87831404
  1420.25753219	     0.87704740
  1420.74259283	     0.87598500
  1421.22765345	     0.87513902
  1421.71271409	     0.87451945
  1422.19777472	     0.87413393
  1422.68283536	     0.87398751
  1423.16789598	     0.87408251
  1423.65295662	     0.87441839
  1424.13801725	     0.87499169
  1424.62307789	     0.87579602
  1425.10813852	     0.87682206
  1425.59319915	     0.87805770
  1426.07825978	     0.87948809
  1426.56332042	     0.88109585
  1427.04838105	     0.88286123
  1427.53344169	     0.88476239
  1428.01850231	     0.88677556
  1428.50356294	     0.88887540
  1428.98862358	     0.89103518
  1429.47368421	     0.89322708
  1429.95874484	     0.89542248
  1430.44380547	     0.89759215
  1430.92886611	     0.89970654
  1431.41392674	     0.90173596
  1431.89898738	     0.90365079
  1432.38404800	     0.90542164
  1432.86910864	     0.90701953
  1433.35416927	     0.90841598
  1433.83922991	     0.90958315
  1434.32429053	     0.91049397
  1434.80935117	     0.91112218
  1435.29441180	     0.91144243
  1435.77947244	     0.91143042
  1436.26453307	     0.91106291
  1436.74959370	     0.91031790
  1437.23465433	     0.90917467
  1437.71971497	     0.90761395
  1438.20477560	     0.90561802
  1438.68983622	     0.90317091
  1439.17489686	     0.90025850
  1439.65995749	     0.89686875
  1440.14501813	     0.89299187
  1440.63007876	     0.88862048
  1441.11513939	     0.88374985
  1441.60020002	     0.87837808
  1442.08526066	     0.87250623
  1442.57032129	     0.86613857
  1443.05538193	     0.85928266
  1443.54044255	     0.85194952
  1444.02550319	     0.84415371
  1444.51056382	     0.83591339
  1444.99562446	     0.82725041
  1445.48068508	     0.81819023
  1445.96574572	     0.80876196
  1446.45080635	     0.79899824
  1446.93586699	     0.78893515
  1447.42092762	     0.77861208
  1447.90598825	     0.76807151
  1448.39104888	     0.75735885
  1448.87610951	     0.74652218
  1449.36117015	     0.73561200
  1449.84623077	     0.72468093
  1450.33129141	     0.71378340
  1450.81635204	     0.70297534
  1451.30141268	     0.69231388
  1451.78647331	     0.68185690
  1452.27153394	     0.67166278
  1452.75659457	     0.66178994
  1453.24165521	     0.65229653
  1453.72671584	     0.64323999
  1454.21177647	     0.63467667
  1454.69683710	     0.62666146
  1455.18189774	     0.61924734
  1455.66695837	     0.61248499
  1456.15201901	     0.60642239
  1456.63707963	     0.60110438
  1457.12214027	     0.59657229
  1457.60720090	     0.59286347
  1458.09226154	     0.59001095
  1458.57732217	     0.58804303
  1459.06238280	     0.58698293
  1459.54744343	     0.58684844
  1460.03250406	     0.58765162
  1460.51756470	     0.58939852
  1461.00262532	     0.59208897
  1461.48768596	     0.59571644
  1461.97274659	     0.60026788
  1462.45780723	     0.60572372
  1462.94286786	     0.61205791
  1463.42792849	     0.61923800
  1463.91298912	     0.62722536
  1464.39804976	     0.63597543
  1464.88311039	     0.64543811
  1465.36817102	     0.65555814
  1465.85323165	     0.66627566
  1466.33829229	     0.67752675
  1466.82335292	     0.68924407
  1467.30841356	     0.70135755
  1467.79347418	     0.71379509
  1468.27853482	     0.72648334
  1468.76359545	     0.73934841
  1469.24865608	     0.75231666
  1469.73371671	     0.76531542
  1470.21877734	     0.77827365
  1470.70383798	     0.79112267
  1471.18889861	     0.80379666
  1471.67395925	     0.81623324
  1472.15901987	     0.82837388
  1472.64408051	     0.84016424
  1473.12914114	     0.85155444
  1473.61420178	     0.86249915
  1474.09926241	     0.87295771
  1474.58432304	     0.88289401
  1475.06938367	     0.89227634
  1475.55444431	     0.90107718
  1476.03950494	     0.90927285
  1476.52456557	     0.91684309
  1477.00962620	     0.92377061
  1477.49468684	     0.93004058
  1477.97974747	     0.93564009
  1478.46480811	     0.94055756
  1478.94986873	     0.94478219
  1479.43492937	     0.94830343
  1479.91999000	     0.95111043
  1480.40505063	     0.95319157
  1480.89011126	     0.95453408
  1481.37517189	     0.95512370
  1481.86023253	     0.95494443
  1482.34529316	     0.95397840
  1482.83035380	     0.95220589
  1483.31541442	     0.94960537
  1483.80047506	     0.94615381
  1484.28553569	     0.94182698
  1484.77059633	     0.93660001
  1485.25565695	     0.93044796
  1485.74071759	     0.92334664
  1486.22577822	     0.91527344
  1486.71083886	     0.90620833
  1487.19589949	     0.89613492
  1487.68096012	     0.88504160
  1488.16602075	     0.87292267
  1488.65108139	     0.85977963
  1489.13614202	     0.84562227
  1489.62120265	     0.83046987
  1490.10626328	     0.81435227
  1490.59132391	     0.79731079
  1491.07638455	     0.77939912
  1491.56144518	     0.76068389
  1492.04650581	     0.74124516
  1492.53156644	     0.72117659
  1493.01662708	     0.70058542
  1493.50168771	     0.67959208
  1493.98674835	     0.65832961
  1494.47180897	     0.63694267
  1494.95686961	     0.61558633
  1495.44193024	     0.59442457
  1495.92699088	     0.57362838
  1496.41205150	     0.55337379
  1496.89711214	     0.53383950
  1497.38217277	     0.51520448
  1497.86723341	     0.49764532
  1498.35229404	     0.48133354
  1498.83735467	     0.46643291
  1499.32241530	     0.45309674
  1499.80747594	     0.44146534
  1500.29253657	     0.43166354
  1500.77759719	     0.42379854
  1501.26265783	     0.41795796
  1501.74771846	     0.41420820
  1502.23277910	     0.41259325
  1502.71783973	     0.41313379
  1503.20290036	     0.41582679
  1503.68796099	     0.42064550
  1504.17302163	     0.42753989
  1504.65808226	     0.43643755
  1505.14314290	     0.44724488
  1505.62820352	     0.45984880
  1506.11326416	     0.47411872
  1506.59832479	     0.48990877
  1507.08338543	     0.50706030
  1507.56844605	     0.52540455
  1508.05350669	     0.54476544
  1508.53856732	     0.56496234
  1509.02362796	     0.58581289
  1509.50868859	     0.60713573
  1509.99374922	     0.62875304
  1510.47880985	     0.65049298
  1510.96387048	     0.67219184
  1511.44893112	     0.69369594
  1511.93399174	     0.71486325
  1512.41905238	     0.73556472
  1512.90411301	     0.75568522
  1513.38917365	     0.77512424
  1513.87423428	     0.79379626
  1514.35929491	     0.81163080
  1514.84435554	     0.82857220
  1515.32941618	     0.84457920
  1515.81447681	     0.85962423
  1516.29953744	     0.87369255
  1516.78459807	     0.88678128
  1517.26965871	     0.89889823
  1517.75471934	     0.91006074
  1518.23977998	     0.92029438
  1518.72484060	     0.92963177
  1519.20990124	     0.93811125
  1519.69496187	     0.94577572
  1520.18002251	     0.95267150
  1520.66508314	     0.95884722
  1521.15014376	     0.96435288
  1521.63520440	     0.96923893
  1522.12026503	     0.97355554
  1522.60532567	     0.97735188
  1523.09038629	     0.98067562
  1523.57544693	     0.98357239
  1524.06050756	     0.98608552
  1524.54556820	     0.98825569
  1525.03062883	     0.99012076
  1525.51568946	     0.99171571
  1526.00075009	     0.99307252
  1526.48581073	     0.99422022
  1526.97087136	     0.99518494
  1527.45593199	     0.99598998
  1527.94099262	     0.99665595
  1528.42605326	     0.99720088
  1528.91111389	     0.99764040
  1529.39617453	     0.99798787
  1529.88123515	     0.99825458
  1530.36629579	     0.99844985
  1530.85135642	     0.99858126
  1531.33641705	     0.99865473
  1531.82147768	     0.99867474
  1532.30653831	     0.99864437
  1532.79159895	     0.99856553
  1533.27665958	     0.99843900
  1533.76172022	     0.99826457
  1534.24678084	     0.99804117
  1534.73184148	     0.99776693
  1535.21690211	     0.99743930
  1535.70196275	     0.99705516
  1536.18702338	     0.99661091
  1536.67208401	     0.99610256
  1537.15714464	     0.99552584
  1537.64220528	     0.99487633
  1538.12726591	     0.99414953
  1538.61232654	     0.99334103
  1539.09738717	     0.99244659
  1539.58244781	     0.99146230
  1540.06750844	     0.99038468
  1540.55256908	     0.98921086
  1541.03762970	     0.98793866
  1541.52269034	     0.98656676
  1542.00775097	     0.98509481
  1542.49281160	     0.98352358
  1542.97787223	     0.98185500
  1543.46293286	     0.98009233
  1543.94799350	     0.97824019
  1544.43305413	     0.97630463
  1544.91811477	     0.97429316
  1545.40317539	     0.97221473
  1545.88823603	     0.97007975
  1546.37329666	     0.96789998
  1546.85835730	     0.96568849
  1547.34341793	     0.96345951
  1547.82847856	     0.96122827
  1548.31353919	     0.95901084
  1548.79859983	     0.95682391
  1549.28366046	     0.95468456
  1549.76872109	     0.95260999
  1550.25378172	     0.95061726
  1550.73884236	     0.94872304
  1551.22390299	     0.94694326
  1551.70896363	     0.94529289
  1552.19402425	     0.94378564
  1552.67908488	     0.94243371
  1553.16414552	     0.94124754
  1553.64920615	     0.94023564
  1554.13426678	     0.93940437
  1554.61932741	     0.93875781
  1555.10438805	     0.93829770
  1555.58944868	     0.93802332
  1556.07450932	     0.93793153
  1556.55956994	     0.93801678
  1557.04463058	     0.93827118
  1557.52969121	     0.93868463
  1558.01475185	     0.93924499
  1558.49981247	     0.93993824
  1558.98487311	     0.94074870
  1559.46993374	     0.94165934
  1559.95499438	     0.94265198
  1560.44005501	     0.94370758
  1560.92511564	     0.94480659
  1561.41017627	     0.94592917
  1561.89523691	     0.94705551
  1562.38029754	     0.94816611
  1562.86535817	     0.94924204
  1563.35041880	     0.95026518
  1563.83547943	     0.95121843
  1564.32054007	     0.95208594
  1564.80560070	     0.95285326
  1565.29066133	     0.95350746
  1565.77572196	     0.95403728
  1566.26078260	     0.95443316
  1566.74584323	     0.95468736
  1567.23090387	     0.95479393
  1567.71596449	     0.95474872
  1568.20102513	     0.95454938
  1568.68608576	     0.95419533
  1569.17114640	     0.95368766
  1569.65620702	     0.95302908
  1570.14126766	     0.95222386
  1570.62632829	     0.95127772
  1571.11138893	     0.95019772
  1571.59644956	     0.94899221
  1572.08151019	     0.94767067
  1572.56657082	     0.94624367
  1573.05163145	     0.94472271
  1573.53669209	     0.94312016
  1574.02175271	     0.94144915
  1574.50681335	     0.93972346
  1574.99187398	     0.93795744
  1575.47693462	     0.93616587
  1575.96199525	     0.93436391
  1576.44705588	     0.93256694
  1576.93211651	     0.93079047
  1577.41717715	     0.92905001
  1577.90223778	     0.92736096
  1578.38729842	     0.92573843
  1578.87235904	     0.92419716
  1579.35741968	     0.92275131
  1579.84248031	     0.92141431
  1580.32754095	     0.92019873
  1580.81260157	     0.91911605
  1581.29766221	     0.91817650
  1581.78272284	     0.91738890
  1582.26778348	     0.91676041
  1582.75284411	     0.91629641
  1583.23790473	     0.91600025
  1583.72296537	     0.91587311
  1584.20802600	     0.91591379
  1584.69308664	     0.91611852
  1585.17814726	     0.91648083
  1585.66320790	     0.91699135
  1586.14826853	     0.91763764
  1586.63332917	     0.91840410
  1587.11838980	     0.91927178
  1587.60345043	     0.92021828
  1588.08851106	     0.92121761
  1588.57357170	     0.92224017
  1589.05863233	     0.92325257
  1589.54369296	     0.92421766
  1590.02875359	     0.92509447
  1590.51381423	     0.92583821
  1590.99887486	     0.92640032
  1591.48393550	     0.92672857
  1591.96899612	     0.92676716
  1592.45405676	     0.92645698
  1592.93911739	     0.92573583
  1593.42417802	     0.92453881
  1593.90923866	     0.92279874
  1594.39429928	     0.92044672
  1594.87935992	     0.91741276
  1595.36442055	     0.91362655
  1595.84948119	     0.90901832
  1596.33454181	     0.90351987
  1596.81960245	     0.89706562
  1597.30466308	     0.88959386
  1597.78972372	     0.88104805
  1598.27478435	     0.87137819
  1598.75984498	     0.86054233
  1599.24490561	     0.84850799
  1599.72996625	     0.83525370
  1600.21502688	     0.82077046
  1600.70008751	     0.80506314
  1601.18514814	     0.78815180
  1601.67020878	     0.77007280
  1602.15526941	     0.75087980
  1602.64033005	     0.73064448
  1603.12539067	     0.70945698
  1603.61045131	     0.68742603
  1604.09551194	     0.66467876
  1604.58057257	     0.64136009
  1605.06563320	     0.61763182
  1605.55069383	     0.59367120
  1606.03575447	     0.56966920
  1606.52081510	     0.54582838
  1607.00587574	     0.52236038
  1607.49093636	     0.49948309
  1607.97599700	     0.47741760
  1608.46105763	     0.45638487
  1608.94611827	     0.43660228
  1609.43117890	     0.41828011
  1609.91623953	     0.40161803
  1610.40130016	     0.38680164
  1610.88636080	     0.37399924
  1611.37142143	     0.36335876
  1611.85648206	     0.35500515
  1612.34154269	     0.34903802
  1612.82660333	     0.34552984
  1613.31166396	     0.34452458
  1613.79672459	     0.34603695
  1614.28178522	     0.35005213
  1614.76684585	     0.35652612
  1615.25190649	     0.36538664
  1615.73696712	     0.37653452
  1616.22202775	     0.38984564
  1616.70708838	     0.40517331
  1617.19214902	     0.42235098
  1617.67720965	     0.44119530
  1618.16227029	     0.46150946
  1618.64733091	     0.48308655
  1619.13239155	     0.50571317
  1619.61745218	     0.52917286
  1620.10251282	     0.55324954
  1620.58757344	     0.57773075
  1621.07263408	     0.60241067
  1621.55769471	     0.62709286
  1622.04275535	     0.65159263
  1622.52781598	     0.67573914
  1623.01287661	     0.69937695
  1623.49793724	     0.72236736
  1623.98299788	     0.74458921
  1624.46805851	     0.76593936
  1624.95311914	     0.78633274
  1625.43817977	     0.80570215
  1625.92324040	     0.82399768
  1626.40830104	     0.84118584
  1626.89336167	     0.85724857
  1627.37842230	     0.87218198
  1627.86348293	     0.88599494
  1628.34854357	     0.89870766
  1628.83360420	     0.91035017
  1629.31866484	     0.92096076
  1629.80372546	     0.93058450
  1630.28878610	     0.93927177
  1630.77384673	     0.94707691
  1631.25890737	     0.95405691
  1631.74396799	     0.96027027
  1632.22902863	     0.96577594
  1632.71408926	     0.97063244
  1633.19914990	     0.97489705
  1633.68421053	     0.97862520
  1634.16927116	     0.98186992
  1634.65433179	     0.98468144
  1635.13939242	     0.98710692
  1635.62445306	     0.98919024
  1636.10951368	     0.99097192
  1636.59457432	     0.99248904
  1637.07963495	     0.99377533
  1637.56469559	     0.99486125
  1638.04975622	     0.99577410
  1638.53481685	     0.99653821
  1639.01987748	     0.99717510
  1639.50493812	     0.99770371
  1639.98999875	     0.99814061
  1640.47505939	     0.99850020
  1640.96012001	     0.99879491
  1641.44518065	     0.99903545
  1641.93024128	     0.99923096
  1642.41530192	     0.99938921
  1642.90036254	     0.99951676
  1643.38542318	     0.99961916
  1643.87048381	     0.99970101
  1644.35554445	     0.99976618
  1644.84060508	     0.99981785
  1645.32566571	     0.99985865
  1645.81072634	     0.99989073
  1646.29578697	     0.99991586
  1646.78084761	     0.99993546
  1647.26590823	     0.99995069
  1647.75096887	     0.99996246
  1648.23602950	     0.99997154
  1648.72109014	     0.99997850
  1649.20615077	     0.99998383
  1649.69121140	     0.99998788
  1650.17627203	     0.99999095
  1650.66133267	     0.99999327
  1651.14639330	     0.99999501
  1651.63145393	     0.99999632
  1652.11651456	     0.99999730
  1652.60157520	     0.99999802
  1653.08663583	     0.99999856
  1653.57169647	     0.99999895
  1654.05675709	     0.99999924
  1654.54181773	     0.99999945
  1655.02687836	     0.99999961
  1655.51193899	     0.99999972
  1655.99699963	     0.99999980
  1656.48206025	     0.99999986
  1656.96712089	     0.99999990
  1657.45218152	     0.99999993
  1657.93724216	     0.99999995
  1658.42230278	     0.99999997
  1658.90736342	     0.99999998
  1659.39242405	     0.99999998
  1659.87748469	     0.99999999
  1660.36254532	     0.99999999
  1660.84760595	     0.99999999
  1661.33266658	     1.00000000
  1661.81772722	     1.00000000
  1662.30278785	     1.00000000
  1662.78784848	     1.00000000
  1663.27290911	     1.00000000
  1663.75796975	     1.00000000
  1664.24303038	     1.00000000
  1664.72809102	     1.00000000
  1665.21315164	     1.00000000
  1665.69821228	     1.00000000
  1666.18327291	     1.00000000
  1666.66833354	     1.00000000
  1667.15339417	     1.00000000
  1667.63845480	     1.00000000
  1668.12351544	     1.00000000
  1668.60857607	     1.00000000
  1669.09363671	     1.00000000
  1669.57869733	     1.00000000
  1670.06375797	     1.00000000
  1670.54881860	     1.00000000
  1671.03387924	     1.00000000
  1671.51893987	     1.00000000
  1672.00400050	     1.00000000
  1672.48906113	     1.00000000
  1672.97412177	     1.00000000
  1673.45918240	     1.00000000
  1673.94424303	     1.00000000
  1674.42930366	     1.00000000
  1674.91436430	     1.00000000
  1675.39942493	     1.00000000
  1675.88448556	     1.00000000
  1676.36954619	     1.00000000
  1676.85460682	     1.00000000
  1677.33966746	     1.00000000
  1677.82472809	     1.00000000
  1678.30978872	     1.00000000
  1678.79484935	     1.00000000
  1679.27990999	     1.00000000
  1679.76497062	     1.00000000
  1680.25003126	     1.00000000
  1680.73509188	     1.00000000
  1681.22015252	     1.00000000
  1681.70521315	     1.00000000
  1682.19027379	     1.00000000
  1682.67533441	     1.00000000
  1683.16039505	     1.00000000
  1683.64545568	     1.00000000
  1684.13051632	     1.00000000
  1684.61557695	     1.00000000
  1685.10063758	     1.00000000
  1685.58569821	     1.00000000
  1686.07075885	     1.00000000
  1686.55581948	     1.00000000
  1687.04088011	     1.00000000
  1687.52594074	     1.00000000
  1688.01100137	     1.00000000
  1688.49606201	     1.00000000
  1688.98112264	     1.00000000
  1689.46618327	     1.00000000
  1689.95124390	     1.00000000
  1690.43630454	     1.00000000
  1690.92136517	     1.00000000
  1691.40642581	     1.00000000
  1691.89148643	     1.00000000
  1692.37654707	     1.00000000
  1692.86160770	     1.00000000
  1693.34666834	     1.00000000
  1693.83172896	     1.00000000
  1694.31678960	     1.00000000
  1694.80185023	     1.00000000
  1695.28691087	     1.00000000
  1695.77197150	     1.00000000
  1696.25703213	     1.00000000
  1696.74209276	     1.00000000
  1697.22715339	     1.00000000
  1697.71221403	     1.00000000
  1698.19727465	     1.00000000
  1698.68233529	     1.00000000
  1699.16739592	     1.00000000
  1699.65245656	     1.00000000
  1700.13751719	     1.00000000
  1700.62257782	     1.00000000
  1701.10763845	     1.00000000
  1701.59269909	     1.00000000
  1702.07775972	     1.00000000
  1702.56282036	     1.00000000
  1703.04788098	     1.00000000
  1703.53294162	     1.00000000
  1704.01800225	     1.00000000
  1704.50306289	     1.00000000
  1704.98812351	     1.00000000
  1705.47318415	     1.00000000
  1705.95824478	     1.00000000
  1706.44330542	     1.00000000
  1706.92836605	     1.00000000
  1707.41342667	     1.00000000
  1707.89848731	     1.00000000
  1708.38354794	     1.00000000
  1708.86860858	     1.00000000
  1709.35366920	     1.00000000
  1709.83872984	     1.00000000
  1710.32379047	     1.00000000
  1710.80885111	     1.00000000
  1711.29391174	     1.00000000
  1711.77897237	     1.00000000
  1712.26403300	     1.00000000
  1712.74909364	     1.00000000
  1713.23415427	     1.00000000
  1713.71921491	     1.00000000
  1714.20427553	     1.00000000
  1714.68933617	     1.00000000
  1715.17439680	     1.00000000
  1715.65945744	     1.00000000
  1716.14451806	     1.00000000
  1716.62957870	     1.00000000
  1717.11463933	     1.00000000
  1717.59969996	     1.00000000
  1718.08476060	     1.00000000
  1718.56982122	     1.00000000
  1719.05488186	     1.00000000
  1719.53994249	     1.00000000
  1720.02500313	     1.00000000
  1720.51006375	     1.00000000
  1720.99512439	     1.00000000
  1721.48018502	     1.00000000
  1721.96524566	     1.00000000
  1722.45030629	     1.00000000
  1722.93536692	     1.00000000
  1723.42042755	     1.00000000
  1723.90548819	     1.00000000
  1724.39054882	     1.00000000
  1724.87560945	     1.00000000
  1725.36067008	     1.00000000
  1725.84573072	     1.00000000
  1726.33079135	     1.00000000
  1726.81585199	     1.00000000
  1727.30091261	     1.00000000
  1727.78597325	     1.00000000
  1728.27103388	     1.00000000
  1728.75609451	     1.00000000
  1729.24115515	     1.00000000
  1729.72621577	     1.00000000
  1730.21127641	     1.00000000
  1730.69633704	     1.00000000
  1731.18139768	     1.00000000
  1731.66645830	     1.00000000
  1732.15151894	     1.00000000
  1732.63657957	     1.00000000
  1733.12164021	     1.00000000
  1733.60670084	     1.00000000
  1734.09176147	     1.00000000
  1734.57682210	     1.00000000
  1735.06188274	     1.00000000
  1735.54694337	     1.00000000
  1736.03200400	     1.00000000
  1736.51706463	     1.00000000
  1737.00212527	     1.00000000
  1737.48718590	     1.00000000
  1737.97224654	     1.00000000
  1738.45730716	     1.00000000
  1738.94236779	     1.00000000
  1739.42742843	     1.00000000
  1739.91248906	     1.00000000
  1740.39754969	     1.00000000
  1740.88261032	     1.00000000
  1741.36767096	     1.00000000
  1741.85273159	     1.00000000
  1742.33779223	     1.00000000
  1742.82285285	     1.00000000
  1743.30791349	     1.00000000
  1743.79297412	     1.00000000
  1744.27803476	     1.00000000
  1744.76309539	     1.00000000
  1745.24815602	     1.00000000
  1745.73321665	     1.00000000
  1746.21827729	     1.00000000
  1746.70333792	     1.00000000
  1747.18839855	     1.00000000
  1747.67345918	     1.00000000
  1748.15851982	     1.00000000
  1748.64358045	     1.00000000
  1749.12864108	     1.00000000
  1749.61370171	     1.00000000
  1750.09876234	     1.00000000
  1750.58382298	     1.00000000
  1751.06888361	     1.00000000
  1751.55394424	     1.00000000
  1752.03900487	     1.00000000
  1752.52406551	     1.00000000
  1753.00912614	     1.00000000
  1753.49418678	     1.00000000
  1753.97924740	     1.00000000
  1754.46430804	     1.00000000
  1754.94936867	     1.00000000
  1755.43442931	     1.00000000
  1755.91948993	     1.00000000
  1756.40455057	     1.00000000
  1756.88961120	     1.00000000
  1757.37467184	     1.00000000
  1757.85973247	     1.00000000
  1758.34479310	     1.00000000
  1758.82985373	     1.00000000
  1759.31491436	     1.00000000
  1759.79997500	     1.00000000
  1760.28503563	     1.00000000
  1760.77009626	     1.00000000
