   950.74384298	     0.97008034
   951.23140392	     0.97005493
   951.71896487	     0.96992061
   952.20652582	     0.96967958
   952.69408676	     0.96933532
   953.18164771	     0.96889252
   953.66920865	     0.96835708
   954.15676960	     0.96773598
   954.64433054	     0.96703722
   955.13189149	     0.96626973
   955.61945243	     0.96544326
   956.10701337	     0.96456823
   956.59457432	     0.96365566
   957.08213527	     0.96271698
   957.56969622	     0.96176391
   958.05725715	     0.96080831
   958.54481810	     0.95986202
   959.03237905	     0.95893671
   959.51994000	     0.95804372
   960.00750094	     0.95719389
   960.49506188	     0.95639741
   960.98262283	     0.95566370
   961.47018377	     0.95500122
   961.95774472	     0.95441738
   962.44530566	     0.95391837
   962.93286661	     0.95350913
   963.42042755	     0.95319317
   963.90798850	     0.95297258
   964.39554944	     0.95284790
   964.88311039	     0.95281816
   965.37067133	     0.95288079
   965.85823228	     0.95303166
   966.34579323	     0.95326510
   966.83335417	     0.95357390
   967.32091511	     0.95394942
   967.80847606	     0.95438159
   968.29603701	     0.95485901
   968.78359795	     0.95536904
   969.27115889	     0.95589788
   969.75871984	     0.95643066
   970.24628079	     0.95695157
   970.73384173	     0.95744389
   971.22140267	     0.95789016
   971.70896362	     0.95827227
   972.19652457	     0.95857152
   972.68408551	     0.95876877
   973.17164646	     0.95884454
   973.65920740	     0.95877908
   974.14676834	     0.95855254
   974.63432929	     0.95814505
   975.12189024	     0.95753688
   975.60945118	     0.95670857
   976.09701212	     0.95564107
   976.58457307	     0.95431594
   977.07213402	     0.95271552
   977.55969497	     0.95082312
   978.04725590	     0.94862328
   978.53481685	     0.94610196
   979.02237780	     0.94324681
   979.50993874	     0.94004743
   979.99749969	     0.93649563
   980.48506063	     0.93258570
   980.97262158	     0.92831471
   981.46018252	     0.92368273
   981.94774347	     0.91869312
   982.43530441	     0.91335273
   982.92286536	     0.90767214
   983.41042630	     0.90166580
   983.89798725	     0.89535218
   984.38554820	     0.88875387
   984.87310914	     0.88189758
   985.36067008	     0.87481411
   985.84823103	     0.86753832
   986.33579198	     0.86010889
   986.82335291	     0.85256817
   987.31091386	     0.84496183
   987.79847481	     0.83733852
   988.28603576	     0.82974940
   988.77359670	     0.82224769
   989.26115764	     0.81488807
   989.74871859	     0.80772606
   990.23627954	     0.80081737
   990.72384048	     0.79421719
   991.21140142	     0.78797947
   991.69896237	     0.78215614
   992.18652331	     0.77679642
   992.67408426	     0.77194600
   993.16164521	     0.76764639
   993.64920615	     0.76393420
   994.13676709	     0.76084054
   994.62432804	     0.75839040
   995.11188899	     0.75660221
   995.59944994	     0.75548738
   996.08701087	     0.75505003
   996.57457182	     0.75528678
   997.06213277	     0.75618663
   997.54969372	     0.75773097
   998.03725465	     0.75989377
   998.52481560	     0.76264180
   999.01237655	     0.76593499
   999.49993749	     0.76972697
   999.98749844	     0.77396558
  1000.47505938	     0.77859366
  1000.96262033	     0.78354971
  1001.45018127	     0.78876885
  1001.93774222	     0.79418364
  1002.42530316	     0.79972507
  1002.91286411	     0.80532356
  1003.40042505	     0.81090990
  1003.88798600	     0.81641626
  1004.37554695	     0.82177717
  1004.86310788	     0.82693038
  1005.35066883	     0.83181778
  1005.83822978	     0.83638617
  1006.32579073	     0.84058793
  1006.81335166	     0.84438166
  1007.30091261	     0.84773265
  1007.78847356	     0.85061326
  1008.27603451	     0.85300315
  1008.76359545	     0.85488942
  1009.25115639	     0.85626660
  1009.73871734	     0.85713646
  1010.22627829	     0.85750780
  1010.71383923	     0.85739600
  1011.20140018	     0.85682256
  1011.68896112	     0.85581445
  1012.17652206	     0.85440347
  1012.66408301	     0.85262540
  1013.15164396	     0.85051923
  1013.63920490	     0.84812624
  1014.12676584	     0.84548914
  1014.61432679	     0.84265112
  1015.10188774	     0.83965500
  1015.58944869	     0.83654232
  1016.07700962	     0.83335258
  1016.56457057	     0.83012244
  1017.05213152	     0.82688512
  1017.53969246	     0.82366974
  1018.02725340	     0.82050094
  1018.51481435	     0.81739845
  1019.00237530	     0.81437690
  1019.48993624	     0.81144569
  1019.97749719	     0.80860895
  1020.46505813	     0.80586573
  1020.95261908	     0.80321014
  1021.44018002	     0.80063173
  1021.92774097	     0.79811587
  1022.41530191	     0.79564424
  1022.90286286	     0.79319541
  1023.39042380	     0.79074540
  1023.87798475	     0.78826832
  1024.36554570	     0.78573699
  1024.85310663	     0.78312363
  1025.34066758	     0.78040046
  1025.82822853	     0.77754028
  1026.31578948	     0.77451712
  1026.80335042	     0.77130667
  1027.29091136	     0.76788685
  1027.77847231	     0.76423820
  1028.26603326	     0.76034422
  1028.75359420	     0.75619176
  1029.24115514	     0.75177126
  1029.72871609	     0.74707695
  1030.21627703	     0.74210704
  1030.70383798	     0.73686388
  1031.19139893	     0.73135402
  1031.67895987	     0.72558833
  1032.16652081	     0.71958198
  1032.65408176	     0.71335447
  1033.14164271	     0.70692967
  1033.62920365	     0.70033568
  1034.11676459	     0.69360484
  1034.60432554	     0.68677360
  1035.09188649	     0.67988234
  1035.57944744	     0.67297522
  1036.06700837	     0.66609992
  1036.55456932	     0.65930734
  1037.04213027	     0.65265126
  1037.52969121	     0.64618788
  1038.01725215	     0.63997532
  1038.50481310	     0.63407309
  1038.99237405	     0.62854139
  1039.47993499	     0.62344049
  1039.96749594	     0.61882988
  1040.45505688	     0.61476754
  1040.94261783	     0.61130906
  1041.43017877	     0.60850682
  1041.91773972	     0.60640911
  1042.40530067	     0.60505933
  1042.89286160	     0.60449516
  1043.38042255	     0.60474790
  1043.86798350	     0.60584176
  1044.35554445	     0.60779337
  1044.84310538	     0.61061132
  1045.33066633	     0.61429587
  1045.81822728	     0.61883881
  1046.30578823	     0.62422344
  1046.79334917	     0.63042472
  1047.28091011	     0.63740953
  1047.76847106	     0.64513714
  1048.25603200	     0.65355974
  1048.74359295	     0.66262312
  1049.23115389	     0.67226747
  1049.71871484	     0.68242819
  1050.20627578	     0.69303683
  1050.69383673	     0.70402206
  1051.18139768	     0.71531057
  1051.66895862	     0.72682807
  1052.15651956	     0.73850018
  1052.64408051	     0.75025332
  1053.13164146	     0.76201548
  1053.61920240	     0.77371693
  1054.10676334	     0.78529087
  1054.59432429	     0.79667391
  1055.08188524	     0.80780651
  1055.56944618	     0.81863325
  1056.05700712	     0.82910308
  1056.54456807	     0.83916937
  1057.03212902	     0.84878995
  1057.51968996	     0.85792706
  1058.00725091	     0.86654721
  1058.49481185	     0.87462098
  1058.98237280	     0.88212282
  1059.46993374	     0.88903080
  1059.95749469	     0.89532637
  1060.44505563	     0.90099408
  1060.93261658	     0.90602135
  1061.42017752	     0.91039826
  1061.90773847	     0.91411735
  1062.39529942	     0.91717347
  1062.88286035	     0.91956367
  1063.37042130	     0.92128710
  1063.85798225	     0.92234499
  1064.34554320	     0.92274065
  1064.83310413	     0.92247949
  1065.32066508	     0.92156905
  1065.80822603	     0.92001911
  1066.29578698	     0.91784170
  1066.78334792	     0.91505126
  1067.27090886	     0.91166465
  1067.75846981	     0.90770119
  1068.24603075	     0.90318276
  1068.73359170	     0.89813372
  1069.22115264	     0.89258093
  1069.70871359	     0.88655365
  1070.19627453	     0.88008342
  1070.68383548	     0.87320396
  1071.17139643	     0.86595090
  1071.65895737	     0.85836162
  1072.14651831	     0.85047496
  1072.63407926	     0.84233095
  1073.12164021	     0.83397051
  1073.60920115	     0.82543515
  1074.09676209	     0.81676667
  1074.58432304	     0.80800685
  1075.07188399	     0.79919718
  1075.55944493	     0.79037863
  1076.04700587	     0.78159136
  1076.53456682	     0.77287460
  1077.02212777	     0.76426648
  1077.50968871	     0.75580390
  1077.99724966	     0.74752248
  1078.48481060	     0.73945654
  1078.97237155	     0.73163907
  1079.45993249	     0.72410178
  1079.94749344	     0.71687515
  1080.43505438	     0.70998850
  1080.92261532	     0.70347003
  1081.41017627	     0.69734688
  1081.89773722	     0.69164520
  1082.38529817	     0.68639016
  1082.87285910	     0.68160592
  1083.36042005	     0.67731560
  1083.84798100	     0.67354119
  1084.33554195	     0.67030343
  1084.82310288	     0.66762161
  1085.31066383	     0.66551341
  1085.79822478	     0.66399462
  1086.28578572	     0.66307885
  1086.77334667	     0.66277733
  1087.26090761	     0.66309850
  1087.74846856	     0.66404780
  1088.23602950	     0.66562736
  1088.72359045	     0.66783574
  1089.21115140	     0.67066771
  1089.69871234	     0.67411411
  1090.18627328	     0.67816171
  1090.67383423	     0.68279316
  1091.16139518	     0.68798700
  1091.64895612	     0.69371778
  1092.13651706	     0.69995619
  1092.62407801	     0.70666931
  1093.11163896	     0.71382087
  1093.59919990	     0.72137166
  1094.08676084	     0.72927987
  1094.57432179	     0.73750161
  1095.06188274	     0.74599131
  1095.54944368	     0.75470229
  1096.03700462	     0.76358723
  1096.52456557	     0.77259866
  1097.01212652	     0.78168948
  1097.49968746	     0.79081342
  1097.98724841	     0.79992546
  1098.47480935	     0.80898220
  1098.96237029	     0.81794227
  1099.44993124	     0.82676656
  1099.93749219	     0.83541849
  1100.42505314	     0.84386422
  1100.91261407	     0.85207275
  1101.40017502	     0.86001603
  1101.88773597	     0.86766901
  1102.37529692	     0.87500966
  1102.86285785	     0.88201888
  1103.35041880	     0.88868050
  1103.83797975	     0.89498116
  1104.32554069	     0.90091022
  1104.81310164	     0.90645961
  1105.30066258	     0.91162375
  1105.78822353	     0.91639939
  1106.27578447	     0.92078547
  1106.76334542	     0.92478300
  1107.25090636	     0.92839493
  1107.73846731	     0.93162604
  1108.22602825	     0.93448276
  1108.71358920	     0.93697316
  1109.20115015	     0.93910672
  1109.68871109	     0.94089433
  1110.17627203	     0.94234810
  1110.66383298	     0.94348133
  1111.15139393	     0.94430834
  1111.63895486	     0.94484441
  1112.12651581	     0.94510568
  1112.61407676	     0.94510899
  1113.10163771	     0.94487183
  1113.58919865	     0.94441220
  1114.07675959	     0.94374849
  1114.56432054	     0.94289941
  1115.05188149	     0.94188381
  1115.53944243	     0.94072065
  1116.02700338	     0.93942883
  1116.51456432	     0.93802714
  1117.00212526	     0.93653411
  1117.48968621	     0.93496797
  1117.97724716	     0.93334656
  1118.46480810	     0.93168722
  1118.95236904	     0.93000678
  1119.43992999	     0.92832145
  1119.92749094	     0.92664680
  1120.41505189	     0.92499771
  1120.90261282	     0.92338832
  1121.39017377	     0.92183201
  1121.87773472	     0.92034132
  1122.36529567	     0.91892800
  1122.85285660	     0.91760288
  1123.34041755	     0.91637594
  1123.82797850	     0.91525617
  1124.31553944	     0.91425164
  1124.80310039	     0.91336938
  1125.29066133	     0.91261540
  1125.77822228	     0.91199464
  1126.26578322	     0.91151092
  1126.75334417	     0.91116696
  1127.24090511	     0.91096429
  1127.72846606	     0.91090329
  1128.21602700	     0.91098319
  1128.70358795	     0.91120202
  1129.19114890	     0.91155669
  1129.67870984	     0.91204300
  1130.16627078	     0.91265567
  1130.65383173	     0.91338846
  1131.14139268	     0.91423418
  1131.62895362	     0.91518487
  1132.11651456	     0.91623182
  1132.60407551	     0.91736578
  1133.09163646	     0.91857701
  1133.57919740	     0.91985549
  1134.06675834	     0.92119104
  1134.55431929	     0.92257343
  1135.04188024	     0.92399259
  1135.52944118	     0.92543866
  1136.01700213	     0.92690222
  1136.50456307	     0.92837428
  1136.99212401	     0.92984650
  1137.47968496	     0.93131117
  1137.96724591	     0.93276133
  1138.45480685	     0.93419075
  1138.94236779	     0.93559400
  1139.42992874	     0.93696637
  1139.91748969	     0.93830390
  1140.40505064	     0.93960324
  1140.89261157	     0.94086165
  1141.38017252	     0.94207682
  1141.86773347	     0.94324678
  1142.35529441	     0.94436976
  1142.84285535	     0.94544400
  1143.33041630	     0.94646764
  1143.81797725	     0.94743849
  1144.30553819	     0.94835387
  1144.79309914	     0.94921045
  1145.28066008	     0.95000407
  1145.76822103	     0.95072952
  1146.25578197	     0.95138047
  1146.74334292	     0.95194927
  1147.23090387	     0.95242686
  1147.71846481	     0.95280264
  1148.20602575	     0.95306447
  1148.69358670	     0.95319856
  1149.18114765	     0.95318953
  1149.66870858	     0.95302043
  1150.15626953	     0.95267283
  1150.64383048	     0.95212695
  1151.13139143	     0.95136184
  1151.61895237	     0.95035562
  1152.10651331	     0.94908575
  1152.59407426	     0.94752935
  1153.08163521	     0.94566358
  1153.56919615	     0.94346606
  1154.05675709	     0.94091532
  1154.54431804	     0.93799127
  1155.03187898	     0.93467574
  1155.51943993	     0.93095298
  1156.00700088	     0.92681020
  1156.49456182	     0.92223807
  1156.98212276	     0.91723125
  1157.46968371	     0.91178883
  1157.95724466	     0.90591473
  1158.44480560	     0.89961810
  1158.93236654	     0.89291352
  1159.41992749	     0.88582124
  1159.90748844	     0.87836724
  1160.39504938	     0.87058318
  1160.88261032	     0.86250626
  1161.37017127	     0.85417895
  1161.85773222	     0.84564856
  1162.34529316	     0.83696672
  1162.83285411	     0.82818874
  1163.32041505	     0.81937284
  1163.80797600	     0.81057931
  1164.29553694	     0.80186955
  1164.78309789	     0.79330507
  1165.27065883	     0.78494646
  1165.75821978	     0.77685236
  1166.24578072	     0.76907838
  1166.73334167	     0.76167609
  1167.22090262	     0.75469210
  1167.70846355	     0.74816723
  1168.19602450	     0.74213569
  1168.68358545	     0.73662455
  1169.17114640	     0.73165327
  1169.65870733	     0.72723339
  1170.14626828	     0.72336844
  1170.63382923	     0.72005399
  1171.12139018	     0.71727793
  1171.60895112	     0.71502087
  1172.09651206	     0.71325675
  1172.58407301	     0.71195354
  1173.07163396	     0.71107414
  1173.55919490	     0.71057731
  1174.04675584	     0.71041877
  1174.53431679	     0.71055223
  1175.02187773	     0.71093053
  1175.50943868	     0.71150678
  1175.99699963	     0.71223533
  1176.48456057	     0.71307285
  1176.97212151	     0.71397917
  1177.45968246	     0.71491811
  1177.94724341	     0.71585807
  1178.43480436	     0.71677259
  1178.92236529	     0.71764065
  1179.40992624	     0.71844685
  1179.89748719	     0.71918146
  1180.38504813	     0.71984025
  1180.87260907	     0.72042423
  1181.36017002	     0.72093920
  1181.84773097	     0.72139525
  1182.33529191	     0.72180608
  1182.82285286	     0.72218836
  1183.31041380	     0.72256088
  1183.79797475	     0.72294386
  1184.28553569	     0.72335808
  1184.77309664	     0.72382414
  1185.26065758	     0.72436173
  1185.74821853	     0.72498895
  1186.23577947	     0.72572172
  1186.72334042	     0.72657327
  1187.21090137	     0.72755378
  1187.69846230	     0.72867003
  1188.18602325	     0.72992530
  1188.67358420	     0.73131929
  1189.16114515	     0.73284818
  1189.64870608	     0.73450484
  1190.13626703	     0.73627909
  1190.62382798	     0.73815807
  1191.11138893	     0.74012672
  1191.59894987	     0.74216830
  1192.08651081	     0.74426493
  1192.57407176	     0.74639823
  1193.06163270	     0.74854989
  1193.54919365	     0.75070233
  1194.03675460	     0.75283927
  1194.52431554	     0.75494626
  1195.01187648	     0.75701119
  1195.49943743	     0.75902473
  1195.98699838	     0.76098068
  1196.47455932	     0.76287618
  1196.96212026	     0.76471192
  1197.44968121	     0.76649216
  1197.93724216	     0.76822470
  1198.42480310	     0.76992072
  1198.91236404	     0.77159451
  1199.39992499	     0.77326311
  1199.88748594	     0.77494590
  1200.37504688	     0.77666408
  1200.86260782	     0.77844005
  1201.35016877	     0.78029686
  1201.83772972	     0.78225749
  1202.32529066	     0.78434419
  1202.81285161	     0.78657787
  1203.30041255	     0.78897736
  1203.78797350	     0.79155890
  1204.27553444	     0.79433550
  1204.76309539	     0.79731649
  1205.25065633	     0.80050712
  1205.73821727	     0.80390817
  1206.22577822	     0.80751580
  1206.71333917	     0.81132135
  1207.20090012	     0.81531135
  1207.68846105	     0.81946756
  1208.17602200	     0.82376716
  1208.66358295	     0.82818297
  1209.15114390	     0.83268384
  1209.63870484	     0.83723500
  1210.12626578	     0.84179857
  1210.61382673	     0.84633407
  1211.10138767	     0.85079896
  1211.58894862	     0.85514927
  1212.07650956	     0.85934010
  1212.56407051	     0.86332628
  1213.05163145	     0.86706293
  1213.53919240	     0.87050597
  1214.02675335	     0.87361268
  1214.51431429	     0.87634216
  1215.00187523	     0.87865575
  1215.48943618	     0.88051745
  1215.97699713	     0.88189421
  1216.46455807	     0.88275624
  1216.95211901	     0.88307725
  1217.43967996	     0.88283461
  1217.92724091	     0.88200949
  1218.41480185	     0.88058696
  1218.90236279	     0.87855603
  1219.38992374	     0.87590968
  1219.87748469	     0.87264481
  1220.36504563	     0.86876221
  1220.85260657	     0.86426647
  1221.34016752	     0.85916588
  1221.82772847	     0.85347227
  1222.31528941	     0.84720090
  1222.80285036	     0.84037026
  1223.29041130	     0.83300189
  1223.77797224	     0.82512019
  1224.26553319	     0.81675215
  1224.75309414	     0.80792720
  1225.24065509	     0.79867687
  1225.72821602	     0.78903462
  1226.21577697	     0.77903552
  1226.70333792	     0.76871604
  1227.19089887	     0.75811373
  1227.67845980	     0.74726700
  1228.16602075	     0.73621487
  1228.65358170	     0.72499665
  1229.14114264	     0.71365178
  1229.62870359	     0.70221954
  1230.11626453	     0.69073885
  1230.60382548	     0.67924803
  1231.09138642	     0.66778463
  1231.57894737	     0.65638519
  1232.06650831	     0.64508507
  1232.55406926	     0.63391820
  1233.04163020	     0.62291695
  1233.52919115	     0.61211181
  1234.01675210	     0.60153121
  1234.50431304	     0.59120125
  1234.99187398	     0.58114538
  1235.47943493	     0.57138409
  1235.96699588	     0.56193459
  1236.45455681	     0.55281034
  1236.94211776	     0.54402070
  1237.42967871	     0.53557049
  1237.91723966	     0.52745949
  1238.40480060	     0.51968200
  1238.89236154	     0.51222642
  1239.37992249	     0.50507477
  1239.86748344	     0.49820239
  1240.35504438	     0.49157756
  1240.84260533	     0.48516135
  1241.33016627	     0.47890749
  1241.81772721	     0.47276244
  1242.30528816	     0.46666558
  1242.79284911	     0.46054959
  1243.28041005	     0.45434110
  1243.76797099	     0.44796143
  1244.25553194	     0.44132768
  1244.74309289	     0.43435396
  1245.23065384	     0.42695288
  1245.71821477	     0.41903724
  1246.20577572	     0.41052192
  1246.69333667	     0.40132592
  1247.18089762	     0.39137456
  1247.66845855	     0.38060170
  1248.15601950	     0.36895209
  1248.64358045	     0.35638364
  1249.13114139	     0.34286958
  1249.61870234	     0.32840058
  1250.10626328	     0.31298656
  1250.59382423	     0.29665828
  1251.08138517	     0.27946858
  1251.56894612	     0.26149320
  1252.05650707	     0.24283123
  1252.54406801	     0.22360495
  1253.03162895	     0.20395926
  1253.51918990	     0.18406051
  1254.00675085	     0.16409481
  1254.49431179	     0.14426576
  1254.98187273	     0.12479172
  1255.46943368	     0.10590259
  1255.95699463	     0.08783616
  1256.44455557	     0.07083415
  1256.93211651	     0.05513793
  1257.41967746	     0.04098412
  1257.90723841	     0.02860016
  1258.39479935	     0.01819979
  1258.88236029	     0.00997884
  1259.36992124	     0.00411119
  1259.85748219	     0.00074509
  1260.34504313	     0.00000000
  1260.83260408	     0.00196395
  1261.32016502	     0.00669148
  1261.80772596	     0.01420236
  1262.29528691	     0.02448090
  1262.78284786	     0.03747610
  1263.27040880	     0.05310244
  1263.75796974	     0.07124150
  1264.24553069	     0.09174410
  1264.73309164	     0.11443318
  1265.22065259	     0.13910715
  1265.70821352	     0.16554370
  1266.19577447	     0.19350397
  1266.68333542	     0.22273692
  1267.17089636	     0.25298391
  1267.65845731	     0.28398322
  1268.14601825	     0.31547450
  1268.63357920	     0.34720308
  1269.12114014	     0.37892388
  1269.60870109	     0.41040509
  1270.09626203	     0.44143128
  1270.58382298	     0.47180609
  1271.07138392	     0.50135436
  1271.55894487	     0.52992368
  1272.04650582	     0.55738546
  1272.53406676	     0.58363528
  1273.02162770	     0.60859290
  1273.50918865	     0.63220162
  1273.99674960	     0.65442724
  1274.48431053	     0.67525665
  1274.97187148	     0.69469608
  1275.45943243	     0.71276901
  1275.94699338	     0.72951400
  1276.43455432	     0.74498229
  1276.92211526	     0.75923545
  1277.40967621	     0.77234289
  1277.89723716	     0.78437960
  1278.38479810	     0.79542388
  1278.87235904	     0.80555530
  1279.35991999	     0.81485282
  1279.84748093	     0.82339318
  1280.33504188	     0.83124948
  1280.82260283	     0.83849006
  1281.31016377	     0.84517764
  1281.79772471	     0.85136865
  1282.28528566	     0.85711290
  1282.77284661	     0.86245339
  1283.26040756	     0.86742635
  1283.74796849	     0.87206151
  1284.23552944	     0.87638240
  1284.72309039	     0.88040691
  1285.21065133	     0.88414782
  1285.69821227	     0.88761351
  1286.18577322	     0.89080857
  1286.67333417	     0.89373455
  1287.16089511	     0.89639065
  1287.64845606	     0.89877431
  1288.13601700	     0.90088192
  1288.62357795	     0.90270930
  1289.11113889	     0.90425221
  1289.59869984	     0.90550681
  1290.08626078	     0.90646995
  1290.57382173	     0.90713952
  1291.06138267	     0.90751460
  1291.54894362	     0.90759568
  1292.03650457	     0.90738470
  1292.52406550	     0.90688516
  1293.01162645	     0.90610210
  1293.49918740	     0.90504211
  1293.98674835	     0.90371325
  1294.47430928	     0.90212508
  1294.96187023	     0.90028850
  1295.44943118	     0.89821575
  1295.93699213	     0.89592032
  1296.42455307	     0.89341687
  1296.91211401	     0.89072115
  1297.39967496	     0.88784996
  1297.88723590	     0.88482103
  1298.37479685	     0.88165296
  1298.86235780	     0.87836515
  1299.34991874	     0.87497766
  1299.83747968	     0.87151112
  1300.32504063	     0.86798659
  1300.81260158	     0.86442544
  1301.30016252	     0.86084913
  1301.78772346	     0.85727908
  1302.27528441	     0.85373648
  1302.76284536	     0.85024200
  1303.25040631	     0.84681568
  1303.73796724	     0.84347661
  1304.22552819	     0.84024279
  1304.71308914	     0.83713085
  1305.20065008	     0.83415590
  1305.68821102	     0.83133135
  1306.17577197	     0.82866876
  1306.66333292	     0.82617773
  1307.15089386	     0.82386585
  1307.63845481	     0.82173867
  1308.12601575	     0.81979973
  1308.61357670	     0.81805063
  1309.10113764	     0.81649116
  1309.58869859	     0.81511947
  1310.07625953	     0.81393226
  1310.56382047	     0.81292503
  1311.05138142	     0.81209234
  1311.53894237	     0.81142808
  1312.02650332	     0.81092578
  1312.51406425	     0.81057889
  1313.00162520	     0.81038101
  1313.48918615	     0.81032619
  1313.97674710	     0.81040908
  1314.46430804	     0.81062515
  1314.95186898	     0.81097080
  1315.43942993	     0.81144341
  1315.92699088	     0.81204135
  1316.41455182	     0.81276397
  1316.90211276	     0.81361144
  1317.38967371	     0.81458467
  1317.87723465	     0.81568505
  1318.36479560	     0.81691424
  1318.85235655	     0.81827390
  1319.33991749	     0.81976538
  1319.82747843	     0.82138945
  1320.31503938	     0.82314597
  1320.80260033	     0.82503366
  1321.29016127	     0.82704975
  1321.77772221	     0.82918984
  1322.26528316	     0.83144769
  1322.75284411	     0.83381505
  1323.24040505	     0.83628165
  1323.72796599	     0.83883514
  1324.21552694	     0.84146119
  1324.70308789	     0.84414354
  1325.19064883	     0.84686428
  1325.67820977	     0.84960397
  1326.16577072	     0.85234205
  1326.65333167	     0.85505711
  1327.14089261	     0.85772728
  1327.62845356	     0.86033068
  1328.11601450	     0.86284577
  1328.60357545	     0.86525186
  1329.09113639	     0.86752950
  1329.57869734	     0.86966087
  1330.06625829	     0.87163022
  1330.55381922	     0.87342419
  1331.04138017	     0.87503211
  1331.52894112	     0.87644625
  1332.01650207	     0.87766204
  1332.50406300	     0.87867816
  1332.99162395	     0.87949664
  1333.47918490	     0.88012282
  1333.96674585	     0.88056528
  1334.45430679	     0.88083570
  1334.94186773	     0.88094866
  1335.42942868	     0.88092136
  1335.91698962	     0.88077331
  1336.40455057	     0.88052596
  1336.89211151	     0.88020232
  1337.37967246	     0.87982652
  1337.86723340	     0.87942336
  1338.35479435	     0.87901791
  1338.84235530	     0.87863500
  1339.32991624	     0.87829882
  1339.81747718	     0.87803252
  1340.30503813	     0.87785780
  1340.79259908	     0.87779458
  1341.28016002	     0.87786071
  1341.76772096	     0.87807167
  1342.25528191	     0.87844045
  1342.74284286	     0.87897730
  1343.23040380	     0.87968972
  1343.71796474	     0.88058238
  1344.20552569	     0.88165715
  1344.69308664	     0.88291314
  1345.18064758	     0.88434685
  1345.66820853	     0.88595228
  1346.15576947	     0.88772116
  1346.64333042	     0.88964312
  1347.13089136	     0.89170600
  1347.61845231	     0.89389604
  1348.10601325	     0.89619820
  1348.59357419	     0.89859643
  1349.08113514	     0.90107394
  1349.56869609	     0.90361349
  1350.05625704	     0.90619765
  1350.54381797	     0.90880906
  1351.03137892	     0.91143066
  1351.51893987	     0.91404592
  1352.00650082	     0.91663902
  1352.49406175	     0.91919505
  1352.98162270	     0.92170013
  1353.46918365	     0.92414159
  1353.95674459	     0.92650803
  1354.44430554	     0.92878941
  1354.93186648	     0.93097714
  1355.41942743	     0.93306410
  1355.90698837	     0.93504465
  1356.39454932	     0.93691467
  1356.88211026	     0.93867148
  1357.36967121	     0.94031387
  1357.85723215	     0.94184200
  1358.34479310	     0.94325738
  1358.83235405	     0.94456275
  1359.31991499	     0.94576200
  1359.80747593	     0.94686007
  1360.29503688	     0.94786285
  1360.78259783	     0.94877701
  1361.27015877	     0.94960990
  1361.75771971	     0.95036940
  1362.24528066	     0.95106378
  1362.73284161	     0.95170152
  1363.22040255	     0.95229116
  1363.70796349	     0.95284119
  1364.19552444	     0.95335983
  1364.68308539	     0.95385491
  1365.17064633	     0.95433373
  1365.65820728	     0.95480290
  1366.14576822	     0.95526827
  1366.63332917	     0.95573472
  1367.12089011	     0.95620618
  1367.60845106	     0.95668545
  1368.09601200	     0.95717420
  1368.58357294	     0.95767292
  1369.07113389	     0.95818090
  1369.55869484	     0.95869623
  1370.04625579	     0.95921584
  1370.53381672	     0.95973556
  1371.02137767	     0.96025017
  1371.50893862	     0.96075355
  1371.99649957	     0.96123872
  1372.48406050	     0.96169807
  1372.97162145	     0.96212343
  1373.45918240	     0.96250629
  1373.94674334	     0.96283793
  1374.43430429	     0.96310965
  1374.92186523	     0.96331292
  1375.40942618	     0.96343957
  1375.89698712	     0.96348200
  1376.38454807	     0.96343329
  1376.87210902	     0.96328743
  1377.35966996	     0.96303943
  1377.84723090	     0.96268546
  1378.33479185	     0.96222295
  1378.82235280	     0.96165070
  1379.30991373	     0.96096894
  1379.79747468	     0.96017934
  1380.28503563	     0.95928510
  1380.77259658	     0.95829084
  1381.26015752	     0.95720265
  1381.74771846	     0.95602797
  1382.23527941	     0.95477555
  1382.72284036	     0.95345530
  1383.21040130	     0.95207820
  1383.69796224	     0.95065613
  1384.18552319	     0.94920169
  1384.67308414	     0.94772808
  1385.16064508	     0.94624886
  1385.64820603	     0.94477779
  1386.13576697	     0.94332864
  1386.62332791	     0.94191496
  1387.11088886	     0.94054992
  1387.59844981	     0.93924612
  1388.08601075	     0.93801540
  1388.57357169	     0.93686869
  1389.06113264	     0.93581585
  1389.54869359	     0.93486555
  1390.03625454	     0.93402514
  1390.52381547	     0.93330055
  1391.01137642	     0.93269624
  1391.49893737	     0.93221513
  1391.98649831	     0.93185859
  1392.47405926	     0.93162639
  1392.96162020	     0.93151678
  1393.44918115	     0.93152650
  1393.93674209	     0.93165084
  1394.42430304	     0.93188373
  1394.91186398	     0.93221785
  1395.39942493	     0.93264475
  1395.88698587	     0.93315498
  1396.37454682	     0.93373825
  1396.86210777	     0.93438359
  1397.34966871	     0.93507952
  1397.83722965	     0.93581421
  1398.32479060	     0.93657569
  1398.81235155	     0.93735199
  1399.29991248	     0.93813131
  1399.78747343	     0.93890220
  1400.27503438	     0.93965371
  1400.76259533	     0.94037549
  1401.25015627	     0.94105794
  1401.73771721	     0.94169228
  1402.22527816	     0.94227064
  1402.71283911	     0.94278612
  1403.20040005	     0.94323278
  1403.68796100	     0.94360570
  1404.17552194	     0.94390090
  1404.66308288	     0.94411535
  1405.15064383	     0.94424689
  1405.63820478	     0.94429414
  1406.12576572	     0.94425643
  1406.61332666	     0.94413366
  1407.10088761	     0.94392623
  1407.58844856	     0.94363490
  1408.07600951	     0.94326067
  1408.56357044	     0.94280467
  1409.05113139	     0.94226804
  1409.53869234	     0.94165188
  1410.02625328	     0.94095709
  1410.51381422	     0.94018438
  1411.00137517	     0.93933418
  1411.48893612	     0.93840661
  1411.97649706	     0.93740149
  1412.46405801	     0.93631837
  1412.95161895	     0.93515651
  1413.43917990	     0.93391500
  1413.92674084	     0.93259281
  1414.41430179	     0.93118887
  1414.90186273	     0.92970221
  1415.38942368	     0.92813205
  1415.87698462	     0.92647797
  1416.36454557	     0.92474001
  1416.85210652	     0.92291886
  1417.33966745	     0.92101594
  1417.82722840	     0.91903360
  1418.31478935	     0.91697521
  1418.80235030	     0.91484528
  1419.28991124	     0.91264960
  1419.77747218	     0.91039527
  1420.26503313	     0.90809077
  1420.75259408	     0.90574603
  1421.24015502	     0.90337240
  1421.72771596	     0.90098262
  1422.21527691	     0.89859076
  1422.70283785	     0.89621214
  1423.19039880	     0.89386318
  1423.67795975	     0.89156124
  1424.16552069	     0.88932441
  1424.65308163	     0.88717131
  1425.14064258	     0.88512079
  1425.62820353	     0.88319166
  1426.11576447	     0.88140243
  1426.60332541	     0.87977092
  1427.09088636	     0.87831404
  1427.57844731	     0.87704740
  1428.06600826	     0.87598500
  1428.55356919	     0.87513902
  1429.04113014	     0.87451945
  1429.52869109	     0.87413393
  1430.01625203	     0.87398751
  1430.50381297	     0.87408251
  1430.99137392	     0.87441839
  1431.47893487	     0.87499169
  1431.96649581	     0.87579602
  1432.45405676	     0.87682206
  1432.94161770	     0.87805770
  1433.42917865	     0.87948809
  1433.91673959	     0.88109585
  1434.40430054	     0.88286123
  1434.89186149	     0.88476239
  1435.37942243	     0.88677556
  1435.86698337	     0.88887540
  1436.35454432	     0.89103518
  1436.84210527	     0.89322708
  1437.32966620	     0.89542248
  1437.81722715	     0.89759215
  1438.30478810	     0.89970654
  1438.79234905	     0.90173596
  1439.27990999	     0.90365079
  1439.76747093	     0.90542164
  1440.25503188	     0.90701953
  1440.74259283	     0.90841598
  1441.23015377	     0.90958315
  1441.71771471	     0.91049397
  1442.20527566	     0.91112218
  1442.69283660	     0.91144243
  1443.18039755	     0.91143042
  1443.66795850	     0.91106291
  1444.15551944	     0.91031790
  1444.64308038	     0.90917467
  1445.13064133	     0.90761395
  1445.61820228	     0.90561802
  1446.10576322	     0.90317091
  1446.59332416	     0.90025850
  1447.08088511	     0.89686875
  1447.56844606	     0.89299187
  1448.05600700	     0.88862048
  1448.54356794	     0.88374985
  1449.03112889	     0.87837808
  1449.51868984	     0.87250623
  1450.00625078	     0.86613857
  1450.49381173	     0.85928266
  1450.98137267	     0.85194952
  1451.46893362	     0.84415371
  1451.95649456	     0.83591339
  1452.44405551	     0.82725041
  1452.93161645	     0.81819023
  1453.41917740	     0.80876196
  1453.90673834	     0.79899824
  1454.39429929	     0.78893515
  1454.88186024	     0.77861208
  1455.36942117	     0.76807151
  1455.85698212	     0.75735885
  1456.34454307	     0.74652218
  1456.83210402	     0.73561200
  1457.31966495	     0.72468093
  1457.80722590	     0.71378340
  1458.29478685	     0.70297534
  1458.78234780	     0.69231388
  1459.26990874	     0.68185690
  1459.75746968	     0.67166278
  1460.24503063	     0.66178994
  1460.73259157	     0.65229653
  1461.22015252	     0.64323999
  1461.70771346	     0.63467667
  1462.19527441	     0.62666146
  1462.68283535	     0.61924734
  1463.17039630	     0.61248499
  1463.65795725	     0.60642239
  1464.14551819	     0.60110438
  1464.63307913	     0.59657229
  1465.12064008	     0.59286347
  1465.60820103	     0.59001095
  1466.09576197	     0.58804303
  1466.58332291	     0.58698293
  1467.07088386	     0.58684844
  1467.55844481	     0.58765162
  1468.04600575	     0.58939852
  1468.53356669	     0.59208897
  1469.02112764	     0.59571644
  1469.50868859	     0.60026788
  1469.99624953	     0.60572372
  1470.48381048	     0.61205791
  1470.97137142	     0.61923800
  1471.45893237	     0.62722536
  1471.94649331	     0.63597543
  1472.43405426	     0.64543811
  1472.92161520	     0.65555814
  1473.40917614	     0.66627566
  1473.89673709	     0.67752675
  1474.38429804	     0.68924407
  1474.87185899	     0.70135755
  1475.35941992	     0.71379509
  1475.84698087	     0.72648334
  1476.33454182	     0.73934841
  1476.82210277	     0.75231666
  1477.30966370	     0.76531542
  1477.79722465	     0.77827365
  1478.28478560	     0.79112267
  1478.77234654	     0.80379666
  1479.25990749	     0.81623324
  1479.74746843	     0.82837388
  1480.23502938	     0.84016424
  1480.72259032	     0.85155444
  1481.21015127	     0.86249915
  1481.69771222	     0.87295771
  1482.18527316	     0.88289401
  1482.67283410	     0.89227634
  1483.16039505	     0.90107718
  1483.64795600	     0.90927285
  1484.13551694	     0.91684309
  1484.62307788	     0.92377061
  1485.11063883	     0.93004058
  1485.59819978	     0.93564009
  1486.08576072	     0.94055756
  1486.57332166	     0.94478219
  1487.06088261	     0.94830343
  1487.54844356	     0.95111043
  1488.03600450	     0.95319157
  1488.52356544	     0.95453408
  1489.01112639	     0.95512370
  1489.49868734	     0.95494443
  1489.98624828	     0.95397840
  1490.47380923	     0.95220589
  1490.96137017	     0.94960537
  1491.44893111	     0.94615381
  1491.93649206	     0.94182698
  1492.42405301	     0.93660001
  1492.91161395	     0.93044796
  1493.39917489	     0.92334664
  1493.88673584	     0.91527344
  1494.37429679	     0.90620833
  1494.86185774	     0.89613492
  1495.34941867	     0.88504160
  1495.83697962	     0.87292267
  1496.32454057	     0.85977963
  1496.81210152	     0.84562227
  1497.29966246	     0.83046987
  1497.78722340	     0.81435227
  1498.27478435	     0.79731079
  1498.76234529	     0.77939912
  1499.24990624	     0.76068389
  1499.73746718	     0.74124516
  1500.22502813	     0.72117659
  1500.71258907	     0.70058542
  1501.20015002	     0.67959208
  1501.68771097	     0.65832961
  1502.17527191	     0.63694267
  1502.66283285	     0.61558633
  1503.15039380	     0.59442457
  1503.63795475	     0.57362838
  1504.12551568	     0.55337379
  1504.61307663	     0.53383950
  1505.10063758	     0.51520448
  1505.58819853	     0.49764532
  1506.07575947	     0.48133354
  1506.56332041	     0.46643291
  1507.05088136	     0.45309674
  1507.53844231	     0.44146534
  1508.02600325	     0.43166354
  1508.51356419	     0.42379854
  1509.00112514	     0.41795796
  1509.48868609	     0.41420820
  1509.97624703	     0.41259325
  1510.46380798	     0.41313379
  1510.95136892	     0.41582679
  1511.43892986	     0.42064550
  1511.92649081	     0.42753989
  1512.41405176	     0.43643755
  1512.90161271	     0.44724488
  1513.38917364	     0.45984880
  1513.87673459	     0.47411872
  1514.36429554	     0.48990877
  1514.85185649	     0.50706030
  1515.33941742	     0.52540455
  1515.82697837	     0.54476544
  1516.31453932	     0.56496234
  1516.80210026	     0.58581289
  1517.28966121	     0.60713573
  1517.77722215	     0.62875304
  1518.26478310	     0.65049298
  1518.75234404	     0.67219184
  1519.23990499	     0.69369594
  1519.72746593	     0.71486325
  1520.21502688	     0.73556472
  1520.70258782	     0.75568522
  1521.19014877	     0.77512424
  1521.67770972	     0.79379626
  1522.16527066	     0.81163080
  1522.65283160	     0.82857220
  1523.14039255	     0.84457920
  1523.62795350	     0.85962423
  1524.11551443	     0.87369255
  1524.60307538	     0.88678128
  1525.09063633	     0.89889823
  1525.57819728	     0.91006074
  1526.06575822	     0.92029438
  1526.55331916	     0.92963177
  1527.04088011	     0.93811125
  1527.52844106	     0.94577572
  1528.01600200	     0.95267150
  1528.50356295	     0.95884722
  1528.99112389	     0.96435288
  1529.47868483	     0.96923893
  1529.96624578	     0.97355554
  1530.45380673	     0.97735188
  1530.94136767	     0.98067562
  1531.42892861	     0.98357239
  1531.91648956	     0.98608552
  1532.40405051	     0.98825569
  1532.89161146	     0.99012076
  1533.37917239	     0.99171571
  1533.86673334	     0.99307252
  1534.35429429	     0.99422022
  1534.84185523	     0.99518494
  1535.32941617	     0.99598998
  1535.81697712	     0.99665595
  1536.30453807	     0.99720088
  1536.79209901	     0.99764040
  1537.27965996	     0.99798787
  1537.76722090	     0.99825458
  1538.25478185	     0.99844985
  1538.74234279	     0.99858126
  1539.22990374	     0.99865473
  1539.71746468	     0.99867474
  1540.20502563	     0.99864437
  1540.69258657	     0.99856553
  1541.18014752	     0.99843900
  1541.66770847	     0.99826457
  1542.15526940	     0.99804117
  1542.64283035	     0.99776693
  1543.13039130	     0.99743930
  1543.61795225	     0.99705516
  1544.10551319	     0.99661091
  1544.59307413	     0.99610256
  1545.08063508	     0.99552584
  1545.56819603	     0.99487633
  1546.05575697	     0.99414953
  1546.54331791	     0.99334103
  1547.03087886	     0.99244659
  1547.51843981	     0.99146230
  1548.00600075	     0.99038468
  1548.49356170	     0.98921086
  1548.98112264	     0.98793866
  1549.46868358	     0.98656676
  1549.95624453	     0.98509481
  1550.44380548	     0.98352358
  1550.93136642	     0.98185500
  1551.41892736	     0.98009233
  1551.90648831	     0.97824019
  1552.39404926	     0.97630463
  1552.88161021	     0.97429316
  1553.36917114	     0.97221473
  1553.85673209	     0.97007975
  1554.34429304	     0.96789998
  1554.83185398	     0.96568849
  1555.31941493	     0.96345951
  1555.80697587	     0.96122827
  1556.29453682	     0.95901084
  1556.78209776	     0.95682391
  1557.26965871	     0.95468456
  1557.75721965	     0.95260999
  1558.24478060	     0.95061726
  1558.73234154	     0.94872304
  1559.21990249	     0.94694326
  1559.70746344	     0.94529289
  1560.19502438	     0.94378564
  1560.68258532	     0.94243371
  1561.17014627	     0.94124754
  1561.65770722	     0.94023564
  1562.14526815	     0.93940437
  1562.63282910	     0.93875781
  1563.12039005	     0.93829770
  1563.60795100	     0.93802332
  1564.09551194	     0.93793153
  1564.58307288	     0.93801678
  1565.07063383	     0.93827118
  1565.55819478	     0.93868463
  1566.04575572	     0.93924499
  1566.53331666	     0.93993824
  1567.02087761	     0.94074870
  1567.50843855	     0.94165934
  1567.99599950	     0.94265198
  1568.48356045	     0.94370758
  1568.97112139	     0.94480659
  1569.45868233	     0.94592917
  1569.94624328	     0.94705551
  1570.43380423	     0.94816611
  1570.92136518	     0.94924204
  1571.40892611	     0.95026518
  1571.89648706	     0.95121843
  1572.38404801	     0.95208594
  1572.87160895	     0.95285326
  1573.35916989	     0.95350746
  1573.84673084	     0.95403728
  1574.33429179	     0.95443316
  1574.82185273	     0.95468736
  1575.30941368	     0.95479393
  1575.79697462	     0.95474872
  1576.28453557	     0.95454938
  1576.77209651	     0.95419533
  1577.25965746	     0.95368766
  1577.74721840	     0.95302908
  1578.23477935	     0.95222386
  1578.72234029	     0.95127772
  1579.20990124	     0.95019772
  1579.69746219	     0.94899221
  1580.18502312	     0.94767067
  1580.67258407	     0.94624367
  1581.16014502	     0.94472271
  1581.64770597	     0.94312016
  1582.13526690	     0.94144915
  1582.62282785	     0.93972346
  1583.11038880	     0.93795744
  1583.59794975	     0.93616587
  1584.08551069	     0.93436391
  1584.57307163	     0.93256694
  1585.06063258	     0.93079047
  1585.54819352	     0.92905001
  1586.03575447	     0.92736096
  1586.52331542	     0.92573843
  1587.01087636	     0.92419716
  1587.49843730	     0.92275131
  1587.98599825	     0.92141431
  1588.47355920	     0.92019873
  1588.96112014	     0.91911605
  1589.44868108	     0.91817650
  1589.93624203	     0.91738890
  1590.42380298	     0.91676041
  1590.91136392	     0.91629641
  1591.39892486	     0.91600025
  1591.88648581	     0.91587311
  1592.37404676	     0.91591379
  1592.86160770	     0.91611852
  1593.34916864	     0.91648083
  1593.83672959	     0.91699135
  1594.32429054	     0.91763764
  1594.81185148	     0.91840410
  1595.29941243	     0.91927178
  1595.78697337	     0.92021828
  1596.27453432	     0.92121761
  1596.76209526	     0.92224017
  1597.24965621	     0.92325257
  1597.73721715	     0.92421766
  1598.22477809	     0.92509447
  1598.71233904	     0.92583821
  1599.19989999	     0.92640032
  1599.68746094	     0.92672857
  1600.17502187	     0.92676716
  1600.66258282	     0.92645698
  1601.15014377	     0.92573583
  1601.63770472	     0.92453881
  1602.12526566	     0.92279874
  1602.61282660	     0.92044672
  1603.10038755	     0.91741276
  1603.58794849	     0.91362655
  1604.07550944	     0.90901832
  1604.56307038	     0.90351987
  1605.05063133	     0.89706562
  1605.53819227	     0.88959386
  1606.02575322	     0.88104805
  1606.51331417	     0.87137819
  1607.00087511	     0.86054233
  1607.48843605	     0.84850799
  1607.97599700	     0.83525370
  1608.46355795	     0.82077046
  1608.95111889	     0.80506314
  1609.43867983	     0.78815180
  1609.92624078	     0.77007280
  1610.41380173	     0.75087980
  1610.90136267	     0.73064448
  1611.38892361	     0.70945698
  1611.87648456	     0.68742603
  1612.36404551	     0.66467876
  1612.85160645	     0.64136009
  1613.33916739	     0.61763182
  1613.82672834	     0.59367120
  1614.31428929	     0.56966920
  1614.80185023	     0.54582838
  1615.28941118	     0.52236038
  1615.77697212	     0.49948309
  1616.26453307	     0.47741760
  1616.75209401	     0.45638487
  1617.23965496	     0.43660228
  1617.72721591	     0.41828011
  1618.21477684	     0.40161803
  1618.70233779	     0.38680164
  1619.18989874	     0.37399924
  1619.67745969	     0.36335876
  1620.16502062	     0.35500515
  1620.65258157	     0.34903802
  1621.14014252	     0.34552984
  1621.62770347	     0.34452458
  1622.11526441	     0.34603695
  1622.60282535	     0.35005213
  1623.09038630	     0.35652612
  1623.57794724	     0.36538664
  1624.06550819	     0.37653452
  1624.55306913	     0.38984564
  1625.04063008	     0.40517331
  1625.52819102	     0.42235098
  1626.01575197	     0.44119530
  1626.50331292	     0.46150946
  1626.99087386	     0.48308655
  1627.47843480	     0.50571317
  1627.96599575	     0.52917286
  1628.45355670	     0.55324954
  1628.94111763	     0.57773075
  1629.42867858	     0.60241067
  1629.91623953	     0.62709286
  1630.40380048	     0.65159263
  1630.89136142	     0.67573914
  1631.37892236	     0.69937695
  1631.86648331	     0.72236736
  1632.35404426	     0.74458921
  1632.84160520	     0.76593936
  1633.32916615	     0.78633274
  1633.81672709	     0.80570215
  1634.30428804	     0.82399768
  1634.79184898	     0.84118584
  1635.27940993	     0.85724857
  1635.76697087	     0.87218198
  1636.25453181	     0.88599494
  1636.74209276	     0.89870766
  1637.22965371	     0.91035017
  1637.71721466	     0.92096076
  1638.20477559	     0.93058450
  1638.69233654	     0.93927177
  1639.17989749	     0.94707691
  1639.66745844	     0.95405691
  1640.15501937	     0.96027027
  1640.64258032	     0.96577594
  1641.13014127	     0.97063244
  1641.61770221	     0.97489705
  1642.10526316	     0.97862520
  1642.59282410	     0.98186992
  1643.08038505	     0.98468144
  1643.56794599	     0.98710692
  1644.05550694	     0.98919024
  1644.54306788	     0.99097192
  1645.03062883	     0.99248904
  1645.51818977	     0.99377533
  1646.00575072	     0.99486125
  1646.49331167	     0.99577410
  1646.98087261	     0.99653821
  1647.46843355	     0.99717510
  1647.95599450	     0.99770371
  1648.44355545	     0.99814061
  1648.93111639	     0.99850020
  1649.41867733	     0.99879491
  1649.90623828	     0.99903545
  1650.39379923	     0.99923096
  1650.88136017	     0.99938921
  1651.36892111	     0.99951676
  1651.85648206	     0.99961916
  1652.34404301	     0.99970101
  1652.83160395	     0.99976618
  1653.31916490	     0.99981785
  1653.80672584	     0.99985865
  1654.29428678	     0.99989073
  1654.78184773	     0.99991586
  1655.26940868	     0.99993546
  1655.75696962	     0.99995069
  1656.24453056	     0.99996246
  1656.73209151	     0.99997154
  1657.21965246	     0.99997850
  1657.70721341	     0.99998383
  1658.19477434	     0.99998788
  1658.68233529	     0.99999095
  1659.16989624	     0.99999327
  1659.65745719	     0.99999501
  1660.14501812	     0.99999632
  1660.63257907	     0.99999730
  1661.12014002	     0.99999802
  1661.60770096	     0.99999856
  1662.09526191	     0.99999895
  1662.58282285	     0.99999924
  1663.07038380	     0.99999945
  1663.55794474	     0.99999961
  1664.04550569	     0.99999972
  1664.53306664	     0.99999980
  1665.02062758	     0.99999986
  1665.50818852	     0.99999990
  1665.99574947	     0.99999993
  1666.48331042	     0.99999995
  1666.97087135	     0.99999997
  1667.45843230	     0.99999998
  1667.94599325	     0.99999998
  1668.43355420	     0.99999999
  1668.92111514	     0.99999999
  1669.40867608	     0.99999999
  1669.89623703	     1.00000000
  1670.38379798	     1.00000000
  1670.87135892	     1.00000000
  1671.35891986	     1.00000000
  1671.84648081	     1.00000000
  1672.33404175	     1.00000000
  1672.82160270	     1.00000000
  1673.30916365	     1.00000000
  1673.79672459	     1.00000000
  1674.28428553	     1.00000000
  1674.77184648	     1.00000000
  1675.25940743	     1.00000000
  1675.74696837	     1.00000000
  1676.23452931	     1.00000000
  1676.72209026	     1.00000000
  1677.20965121	     1.00000000
  1677.69721216	     1.00000000
  1678.18477309	     1.00000000
  1678.67233404	     1.00000000
  1679.15989499	     1.00000000
  1679.64745593	     1.00000000
  1680.13501688	     1.00000000
  1680.62257782	     1.00000000
  1681.11013877	     1.00000000
  1681.59769971	     1.00000000
  1682.08526066	     1.00000000
  1682.57282160	     1.00000000
  1683.06038255	     1.00000000
  1683.54794349	     1.00000000
  1684.03550444	     1.00000000
  1684.52306539	     1.00000000
  1685.01062632	     1.00000000
  1685.49818727	     1.00000000
  1685.98574822	     1.00000000
  1686.47330917	     1.00000000
  1686.96087010	     1.00000000
  1687.44843105	     1.00000000
  1687.93599200	     1.00000000
  1688.42355295	     1.00000000
  1688.91111389	     1.00000000
  1689.39867483	     1.00000000
  1689.88623578	     1.00000000
  1690.37379673	     1.00000000
  1690.86135767	     1.00000000
  1691.34891861	     1.00000000
  1691.83647956	     1.00000000
  1692.32404050	     1.00000000
  1692.81160145	     1.00000000
  1693.29916240	     1.00000000
  1693.78672334	     1.00000000
  1694.27428428	     1.00000000
  1694.76184523	     1.00000000
  1695.24940618	     1.00000000
  1695.73696713	     1.00000000
  1696.22452806	     1.00000000
  1696.71208901	     1.00000000
  1697.19964996	     1.00000000
  1697.68721090	     1.00000000
  1698.17477184	     1.00000000
  1698.66233279	     1.00000000
  1699.14989374	     1.00000000
  1699.63745468	     1.00000000
  1700.12501563	     1.00000000
  1700.61257657	     1.00000000
  1701.10013752	     1.00000000
  1701.58769846	     1.00000000
  1702.07525941	     1.00000000
  1702.56282035	     1.00000000
  1703.05038130	     1.00000000
  1703.53794224	     1.00000000
  1704.02550319	     1.00000000
  1704.51306414	     1.00000000
  1705.00062507	     1.00000000
  1705.48818602	     1.00000000
  1705.97574697	     1.00000000
  1706.46330792	     1.00000000
  1706.95086885	     1.00000000
  1707.43842980	     1.00000000
  1707.92599075	     1.00000000
  1708.41355170	     1.00000000
  1708.90111264	     1.00000000
  1709.38867358	     1.00000000
  1709.87623453	     1.00000000
  1710.36379547	     1.00000000
  1710.85135642	     1.00000000
  1711.33891737	     1.00000000
  1711.82647831	     1.00000000
  1712.31403925	     1.00000000
  1712.80160020	     1.00000000
  1713.28916115	     1.00000000
  1713.77672209	     1.00000000
  1714.26428303	     1.00000000
  1714.75184398	     1.00000000
  1715.23940493	     1.00000000
  1715.72696587	     1.00000000
  1716.21452681	     1.00000000
  1716.70208776	     1.00000000
  1717.18964871	     1.00000000
  1717.67720965	     1.00000000
  1718.16477059	     1.00000000
  1718.65233154	     1.00000000
  1719.13989249	     1.00000000
  1719.62745343	     1.00000000
  1720.11501438	     1.00000000
  1720.60257532	     1.00000000
  1721.09013627	     1.00000000
  1721.57769721	     1.00000000
  1722.06525816	     1.00000000
  1722.55281911	     1.00000000
  1723.04038004	     1.00000000
  1723.52794099	     1.00000000
  1724.01550194	     1.00000000
  1724.50306289	     1.00000000
  1724.99062382	     1.00000000
  1725.47818477	     1.00000000
  1725.96574572	     1.00000000
  1726.45330667	     1.00000000
  1726.94086761	     1.00000000
  1727.42842855	     1.00000000
  1727.91598950	     1.00000000
  1728.40355045	     1.00000000
  1728.89111139	     1.00000000
  1729.37867233	     1.00000000
  1729.86623328	     1.00000000
  1730.35379422	     1.00000000
  1730.84135517	     1.00000000
  1731.32891612	     1.00000000
  1731.81647706	     1.00000000
  1732.30403800	     1.00000000
  1732.79159895	     1.00000000
  1733.27915990	     1.00000000
  1733.76672084	     1.00000000
  1734.25428178	     1.00000000
  1734.74184273	     1.00000000
  1735.22940368	     1.00000000
  1735.71696462	     1.00000000
  1736.20452556	     1.00000000
  1736.69208651	     1.00000000
  1737.17964746	     1.00000000
  1737.66720840	     1.00000000
  1738.15476935	     1.00000000
  1738.64233029	     1.00000000
  1739.12989124	     1.00000000
  1739.61745218	     1.00000000
  1740.10501313	     1.00000000
  1740.59257407	     1.00000000
  1741.08013501	     1.00000000
  1741.56769596	     1.00000000
  1742.05525691	     1.00000000
  1742.54281786	     1.00000000
  1743.03037879	     1.00000000
  1743.51793974	     1.00000000
  1744.00550069	     1.00000000
  1744.49306164	     1.00000000
  1744.98062257	     1.00000000
  1745.46818352	     1.00000000
  1745.95574447	     1.00000000
  1746.44330542	     1.00000000
  1746.93086636	     1.00000000
  1747.41842730	     1.00000000
  1747.90598825	     1.00000000
  1748.39354919	     1.00000000
  1748.88111014	     1.00000000
  1749.36867108	     1.00000000
  1749.85623203	     1.00000000
  1750.34379297	     1.00000000
  1750.83135392	     1.00000000
  1751.31891487	     1.00000000
  1751.80647581	     1.00000000
  1752.29403675	     1.00000000
  1752.78159770	     1.00000000
  1753.26915865	     1.00000000
  1753.75671959	     1.00000000
  1754.24428053	     1.00000000
  1754.73184148	     1.00000000
  1755.21940243	     1.00000000
  1755.70696337	     1.00000000
  1756.19452431	     1.00000000
  1756.68208526	     1.00000000
  1757.16964621	     1.00000000
  1757.65720715	     1.00000000
  1758.14476810	     1.00000000
  1758.63232904	     1.00000000
  1759.11988999	     1.00000000
  1759.60745093	     1.00000000
  1760.09501188	     1.00000000
  1760.58257282	     1.00000000
  1761.07013376	     1.00000000
  1761.55769471	     1.00000000
  1762.04525566	     1.00000000
  1762.53281661	     1.00000000
  1763.02037754	     1.00000000
  1763.50793849	     1.00000000
  1763.99549944	     1.00000000
  1764.48306039	     1.00000000
  1764.97062132	     1.00000000
  1765.45818227	     1.00000000
  1765.94574322	     1.00000000
  1766.43330416	     1.00000000
  1766.92086511	     1.00000000
  1767.40842605	     1.00000000
  1767.89598700	     1.00000000
  1768.38354794	     1.00000000
  1768.87110889	     1.00000000
  1769.35866984	     1.00000000
  1769.84623078	     1.00000000
  1770.33379172	     1.00000000
