   960.03000375	     0.11868754
   960.52006500	     0.12421057
   961.01012626	     0.13020357
   961.50018752	     0.13669838
   961.99024878	     0.14371258
   962.48031004	     0.15124587
   962.97037129	     0.15927707
   963.46043255	     0.16776171
   963.95049381	     0.17663046
   964.44055507	     0.18578790
   964.93061633	     0.19511211
   965.42067758	     0.20445504
   965.91073884	     0.21364424
   966.40080010	     0.22248675
   966.89086136	     0.23077565
   967.38092261	     0.23829965
   967.87098387	     0.24485548
   968.36104513	     0.25026205
   968.85110639	     0.25437490
   969.34116764	     0.25709884
   969.83122890	     0.25839673
   970.32129016	     0.25829312
   970.81135142	     0.25687194
   971.30141268	     0.25426878
   971.79147393	     0.25065900
   972.28153519	     0.24624344
   972.77159645	     0.24123370
   973.26165771	     0.23583872
   973.75171897	     0.23025373
   974.24178022	     0.22465232
   974.73184148	     0.21918142
   975.22190274	     0.21395902
   975.71196400	     0.20907376
   976.20202525	     0.20458598
   976.69208651	     0.20052955
   977.18214777	     0.19691424
   977.67220903	     0.19372852
   978.16227029	     0.19094281
   978.65233154	     0.18851342
   979.14239280	     0.18638713
   979.63245406	     0.18450653
   980.12251532	     0.18281584
   980.61257657	     0.18126684
   981.10263783	     0.17982418
   981.59269909	     0.17846956
   982.08276035	     0.17720387
   982.57282161	     0.17604727
   983.06288286	     0.17503706
   983.55294412	     0.17422395
   984.04300538	     0.17366729
   984.53306664	     0.17343006
   985.02312790	     0.17357427
   985.51318915	     0.17415706
   986.00325041	     0.17522764
   986.49331167	     0.17682501
   986.98337293	     0.17897606
   987.47343418	     0.18169398
   987.96349543	     0.18497654
   988.45355669	     0.18880429
   988.94361795	     0.19313847
   989.43367921	     0.19791895
   989.92374046	     0.20306254
   990.41380172	     0.20846223
   990.90386298	     0.21398818
   991.39392424	     0.21949131
   991.88398549	     0.22481032
   992.37404675	     0.22978265
   992.86410801	     0.23425903
   993.35416927	     0.23812070
   993.84423053	     0.24129687
   994.33429178	     0.24377953
   994.82435304	     0.24563195
   995.31441430	     0.24698815
   995.80447556	     0.24804138
   996.29453681	     0.24902196
   996.78459807	     0.25016656
   997.27465933	     0.25168302
   997.76472059	     0.25371569
   998.25478185	     0.25631667
   998.74484310	     0.25942750
   999.23490436	     0.26287454
   999.72496562	     0.26637915
  1000.21502688	     0.26958171
  1000.70508814	     0.27207629
  1001.19514939	     0.27345147
  1001.68521065	     0.27333166
  1002.17527191	     0.27141338
  1002.66533317	     0.26749168
  1003.15539442	     0.26147365
  1003.64545568	     0.25337824
  1004.13551694	     0.24332384
  1004.62557820	     0.23150707
  1005.11563946	     0.21817676
  1005.60570071	     0.20360740
  1006.09576197	     0.18807522
  1006.58582323	     0.17183885
  1007.07588449	     0.15512560
  1007.56594574	     0.13812323
  1008.05600700	     0.12097665
  1008.54606826	     0.10378840
  1009.03612952	     0.08662185
  1009.52619078	     0.06950597
  1010.01625203	     0.05244069
  1010.50631329	     0.03540217
  1010.99637455	     0.01834764
  1011.48643581	     0.00121948
  1011.97649706	    -0.01605122
  1012.46655832	    -0.03354172
  1012.95661958	    -0.05133498
  1013.44668084	    -0.06951703
  1013.93674210	    -0.08817416
  1014.42680335	    -0.10738970
  1014.91686461	    -0.12723999
  1015.40692587	    -0.14778952
  1015.89698713	    -0.16908484
  1016.38704839	    -0.19114733
  1016.87710964	    -0.21396463
  1017.36717090	    -0.23748112
  1017.85723216	    -0.26158781
  1018.34729342	    -0.28611268
  1018.83735467	    -0.31081267
  1019.32741592	    -0.33536912
  1019.81747718	    -0.35938849
  1020.30753844	    -0.38241018
  1020.79759970	    -0.40392245
  1021.28766095	    -0.42338667
  1021.77772221	    -0.44026832
  1022.26778347	    -0.45407212
  1022.75784473	    -0.46437707
  1023.24790598	    -0.47086724
  1023.73796724	    -0.47335415
  1024.22802850	    -0.47178815
  1024.71808976	    -0.46625786
  1025.20815102	    -0.45697863
  1025.69821227	    -0.44427260
  1026.18827353	    -0.42854362
  1026.67833479	    -0.41025060
  1027.16839605	    -0.38988194
  1027.65845730	    -0.36793297
  1028.14851856	    -0.34488688
  1028.63857982	    -0.32119911
  1029.12864108	    -0.29728477
  1029.61870234	    -0.27350858
  1030.10876359	    -0.25017723
  1030.59882485	    -0.22753400
  1031.08888611	    -0.20575586
  1031.57894737	    -0.18495266
  1032.06900863	    -0.16516811
  1032.55906988	    -0.14638161
  1033.04913114	    -0.12851031
  1033.53919240	    -0.11141055
  1034.02925366	    -0.09487867
  1034.51931491	    -0.07865175
  1035.00937617	    -0.06240943
  1035.49943743	    -0.04577851
  1035.98949869	    -0.02834225
  1036.47955995	    -0.00965574
  1036.96962120	     0.01073218
  1037.45968246	     0.03325102
  1037.94974372	     0.05827727
  1038.43980498	     0.08610326
  1038.92986623	     0.11691076
  1039.41992749	     0.15075378
  1039.90998875	     0.18755335
  1040.40005001	     0.22710535
  1040.89011127	     0.26909924
  1041.38017252	     0.31314426
  1041.87023378	     0.35879807
  1042.36029504	     0.40559316
  1042.85035630	     0.45305757
  1043.34041755	     0.50072790
  1043.83047881	     0.54815490
  1044.32054007	     0.59490336
  1044.81060133	     0.64054930
  1045.30066259	     0.68467776
  1045.79072384	     0.72688440
  1046.28078510	     0.76678256
  1046.77084636	     0.80401635
  1047.26090762	     0.83827811
  1047.75096888	     0.86932698
  1048.24103013	     0.89700399
  1048.73109139	     0.92123893
  1049.22115265	     0.94204534
  1049.71121391	     0.95950237
  1050.20127516	     0.97372565
  1050.69133642	     0.98483225
  1051.18139767	     0.99290677
  1051.67145893	     0.99797627
  1052.16152019	     1.00000000
  1052.65158144	     0.99887752
  1053.14164270	     0.99447457
  1053.63170396	     0.98666236
  1054.12176522	     0.97536235
  1054.61182647	     0.96058694
  1055.10188773	     0.94246698
  1055.59194899	     0.92126019
  1056.08201025	     0.89733891
  1056.57207151	     0.87116063
  1057.06213276	     0.84322816
  1057.55219402	     0.81404772
  1058.04225528	     0.78409224
  1058.53231654	     0.75377501
  1059.02237779	     0.72343557
  1059.51243905	     0.69333735
  1060.00250031	     0.66367451
  1060.49256157	     0.63458453
  1060.98262283	     0.60616332
  1061.47268408	     0.57847975
  1061.96274534	     0.55158776
  1062.45280660	     0.52553512
  1062.94286786	     0.50036842
  1063.43292912	     0.47613504
  1063.92299037	     0.45288250
  1064.41305163	     0.43065636
  1064.90311289	     0.40949738
  1065.39317415	     0.38943872
  1065.88323540	     0.37050382
  1066.37329666	     0.35270516
  1066.86335792	     0.33604405
  1067.35341918	     0.32051122
  1067.84348044	     0.30608820
  1068.33354169	     0.29274896
  1068.82360295	     0.28046174
  1069.31366421	     0.26919080
  1069.80372547	     0.25889799
  1070.29378672	     0.24954395
  1070.78384798	     0.24108901
  1071.27390924	     0.23349373
  1071.76397050	     0.22671897
  1072.25403176	     0.22072571
  1072.74409301	     0.21547435
  1073.23415427	     0.21092374
  1073.72421553	     0.20702981
  1074.21427679	     0.20374382
  1074.70433804	     0.20101044
  1075.19439930	     0.19876560
  1075.68446056	     0.19693448
  1076.17452182	     0.19542987
  1076.66458308	     0.19415141
  1077.15464433	     0.19298622
  1077.64470559	     0.19181144
  1078.13476685	     0.19049927
  1078.62482811	     0.18892453
  1079.11488937	     0.18697434
  1079.60495062	     0.18455885
  1080.09501188	     0.18162127
  1080.58507314	     0.17814473
  1081.07513440	     0.17415399
  1081.56519565	     0.16971050
  1082.05525691	     0.16490077
  1082.54531816	     0.15981972
  1083.03537942	     0.15455202
  1083.52544068	     0.14915535
  1084.01550193	     0.14364910
  1084.50556319	     0.13801128
  1084.99562445	     0.13218453
  1085.48568571	     0.12609036
  1085.97574696	     0.11964897
  1086.46580822	     0.11280115
  1086.95586948	     0.10552807
  1087.44593074	     0.09786567
  1087.93599200	     0.08991102
  1088.42605325	     0.08181982
  1088.91611451	     0.07379541
  1089.40617577	     0.06607117
  1089.89623703	     0.05888901
  1090.38629828	     0.05247706
  1090.87635954	     0.04702972
  1091.36642080	     0.04269232
  1091.85648206	     0.03955180
  1092.34654332	     0.03763364
  1092.83660457	     0.03690426
  1093.32666583	     0.03727777
  1093.81672709	     0.03862535
  1094.30678835	     0.04078627
  1094.79684961	     0.04357918
  1095.28691086	     0.04681326
  1095.77697212	     0.05029866
  1096.26703338	     0.05385590
  1096.75709464	     0.05732402
  1097.24715589	     0.06056697
  1097.73721715	     0.06347796
  1098.22727841	     0.06598131
  1098.71733967	     0.06803208
  1099.20740093	     0.06961361
  1099.69746218	     0.07073384
  1100.18752344	     0.07142111
  1100.67758470	     0.07172022
  1101.16764596	     0.07168908
  1101.65770721	     0.07139584
  1102.14776847	     0.07091622
  1102.63782973	     0.07033040
  1103.12789099	     0.06971919
  1103.61795225	     0.06915928
  1104.10801350	     0.06871778
  1104.59807476	     0.06844677
  1105.08813602	     0.06837843
  1105.57819728	     0.06852181
  1106.06825854	     0.06886168
  1106.55831979	     0.06935990
  1107.04838105	     0.06995925
  1107.53844231	     0.07058929
  1108.02850357	     0.07117349
  1108.51856482	     0.07163689
  1109.00862608	     0.07191316
  1109.49868734	     0.07195047
  1109.98874860	     0.07171525
  1110.47880986	     0.07119385
  1110.96887111	     0.07039188
  1111.45893237	     0.06933186
  1111.94899363	     0.06804959
  1112.43905489	     0.06659000
  1112.92911614	     0.06500293
  1113.41917739	     0.06333946
  1113.90923865	     0.06164878
  1114.39929991	     0.05997591
  1114.88936117	     0.05836015
  1115.37942242	     0.05683409
  1115.86948368	     0.05542319
  1116.35954494	     0.05414563
  1116.84960620	     0.05301228
  1117.33966745	     0.05202674
  1117.82972871	     0.05118526
  1118.31978997	     0.05047651
  1118.80985123	     0.04988118
  1119.29991249	     0.04937154
  1119.78997374	     0.04891095
  1120.28003500	     0.04845358
  1120.77009626	     0.04794450
  1121.26015752	     0.04732040
  1121.75021878	     0.04651115
  1122.24028003	     0.04544225
  1122.73034129	     0.04403817
  1123.22040255	     0.04222632
  1123.71046381	     0.03994096
  1124.20052506	     0.03712673
  1124.69058632	     0.03374080
  1125.18064758	     0.02975351
  1125.67070884	     0.02514745
  1126.16077010	     0.01991537
  1126.65083135	     0.01405792
  1127.14089261	     0.00758198
  1127.63095387	     0.00050067
  1128.12101513	    -0.00716478
  1128.61107638	    -0.01538145
  1129.10113764	    -0.02409995
  1129.59119890	    -0.03324974
  1130.08126016	    -0.04273542
  1130.57132142	    -0.05243506
  1131.06138267	    -0.06220104
  1131.55144393	    -0.07186346
  1132.04150519	    -0.08123593
  1132.53156645	    -0.09012321
  1133.02162770	    -0.09833019
  1133.51168896	    -0.10567153
  1134.00175022	    -0.11198136
  1134.49181148	    -0.11712226
  1134.98187274	    -0.12099273
  1135.47193399	    -0.12353238
  1135.96199525	    -0.12472428
  1136.45205651	    -0.12459440
  1136.94211777	    -0.12320821
  1137.43217903	    -0.12066526
  1137.92224028	    -0.11709227
  1138.41230154	    -0.11263562
  1138.90236280	    -0.10745378
  1139.39242406	    -0.10171006
  1139.88248531	    -0.09556626
  1140.37254657	    -0.08917740
  1140.86260783	    -0.08268774
  1141.35266909	    -0.07622818
  1141.84273035	    -0.06991481
  1142.33279160	    -0.06384824
  1142.82285286	    -0.05811318
  1143.31291412	    -0.05277808
  1143.80297538	    -0.04789432
  1144.29303663	    -0.04349517
  1144.78309788	    -0.03959455
  1145.27315914	    -0.03618611
  1145.76322040	    -0.03324300
  1146.25328166	    -0.03071869
  1146.74334291	    -0.02854893
  1147.23340417	    -0.02665478
  1147.72346543	    -0.02494629
  1148.21352669	    -0.02332662
  1148.70358794	    -0.02169619
  1149.19364920	    -0.01995686
  1149.68371046	    -0.01801622
  1150.17377172	    -0.01579229
  1150.66383298	    -0.01321886
  1151.15389423	    -0.01025149
  1151.64395549	    -0.00687383
  1152.13401675	    -0.00310355
  1152.62407801	     0.00100309
  1153.11413927	     0.00534901
  1153.60420052	     0.00979734
  1154.09426178	     0.01417604
  1154.58432304	     0.01828614
  1155.07438430	     0.02191314
  1155.56444555	     0.02484075
  1156.05450681	     0.02686592
  1156.54456807	     0.02781369
  1157.03462933	     0.02755039
  1157.52469059	     0.02599329
  1158.01475184	     0.02311552
  1158.50481310	     0.01894530
  1158.99487436	     0.01355973
  1159.48493562	     0.00707418
  1159.97499687	    -0.00037079
  1160.46505813	    -0.00862323
  1160.95511939	    -0.01753236
  1161.44518065	    -0.02695906
  1161.93524191	    -0.03678355
  1162.42530316	    -0.04691056
  1162.91536442	    -0.05727213
  1163.40542568	    -0.06782843
  1163.89548694	    -0.07856699
  1164.38554819	    -0.08950072
  1164.87560945	    -0.10066475
  1165.36567071	    -0.11211270
  1165.85573197	    -0.12391252
  1166.34579323	    -0.13614228
  1166.83585448	    -0.14888619
  1167.32591574	    -0.16223092
  1167.81597700	    -0.17626228
  1168.30603826	    -0.19106219
  1168.79609952	    -0.20670569
  1169.28616077	    -0.22325771
  1169.77622203	    -0.24076951
  1170.26628329	    -0.25927430
  1170.75634455	    -0.27878200
  1171.24640580	    -0.29927264
  1171.73646706	    -0.32068831
  1172.22652832	    -0.34292336
  1172.71658958	    -0.36581289
  1173.20665084	    -0.38911991
  1173.69671209	    -0.41252226
  1174.18677335	    -0.43560163
  1174.67683461	    -0.45783779
  1175.16689587	    -0.47861239
  1175.65695712	    -0.49722622
  1176.14701838	    -0.51293253
  1176.63707963	    -0.52498593
  1177.12714089	    -0.53270236
  1177.61720215	    -0.53552171
  1178.10726340	    -0.53306231
  1178.59732466	    -0.52515694
  1179.08738592	    -0.51186330
  1179.57744718	    -0.49344744
  1180.06750843	    -0.47034439
  1180.55756969	    -0.44310452
  1181.04763095	    -0.41233600
  1181.53769221	    -0.37865243
  1182.02775347	    -0.34263205
  1182.51781472	    -0.30479129
  1183.00787598	    -0.26557258
  1183.49793724	    -0.22534396
  1183.98799850	    -0.18440734
  1184.47805976	    -0.14301182
  1184.96812101	    -0.10136930
  1185.45818227	    -0.05966987
  1185.94824353	    -0.01809586
  1186.43830479	     0.02316654
  1186.92836604	     0.06391785
  1187.41842730	     0.10393824
  1187.90848856	     0.14298198
  1188.39854982	     0.18077302
  1188.88861108	     0.21700092
  1189.37867233	     0.25131718
  1189.86873359	     0.28333253
  1190.35879485	     0.31261721
  1190.84885611	     0.33870708
  1191.33891736	     0.36111878
  1191.82897862	     0.37937576
  1192.31903988	     0.39304440
  1192.80910114	     0.40177615
  1193.29916240	     0.40534846
  1193.78922365	     0.40369646
  1194.27928491	     0.39692895
  1194.76934617	     0.38532570
  1195.25940743	     0.36931790
  1195.74946868	     0.34945667
  1196.23952994	     0.32637648
  1196.72959120	     0.30075876
  1197.21965246	     0.27329892
  1197.70971372	     0.24467732
  1198.19977497	     0.21553290
  1198.68983623	     0.18643855
  1199.17989749	     0.15787834
  1199.66995875	     0.13022848
  1200.16002001	     0.10374504
  1200.65008126	     0.07856132
  1201.14014252	     0.05469601
  1201.63020378	     0.03207163
  1202.12026504	     0.01054031
  1202.61032629	    -0.01008707
  1203.10038755	    -0.03001235
  1203.59044881	    -0.04942560
  1204.08051007	    -0.06848672
  1204.57057133	    -0.08731339
  1205.06063258	    -0.10597480
  1205.55069384	    -0.12448956
  1206.04075510	    -0.14282607
  1206.53081636	    -0.16090446
  1207.02087761	    -0.17859979
  1207.51093886	    -0.19574696
  1208.00100012	    -0.21214817
  1208.49106138	    -0.22758298
  1208.98112264	    -0.24182047
  1209.47118389	    -0.25463183
  1209.96124515	    -0.26580128
  1210.45130641	    -0.27513353
  1210.94136767	    -0.28245713
  1211.43142892	    -0.28762460
  1211.92149018	    -0.29051150
  1212.41155144	    -0.29101705
  1212.90161270	    -0.28906829
  1213.39167396	    -0.28462813
  1213.88173521	    -0.27770548
  1214.37179647	    -0.26836475
  1214.86185773	    -0.25673103
  1215.35191899	    -0.24298891
  1215.84198025	    -0.22737406
  1216.33204150	    -0.21015902
  1216.82210276	    -0.19163562
  1217.31216402	    -0.17209697
  1217.80222528	    -0.15182147
  1218.29228653	    -0.13106049
  1218.78234779	    -0.11003019
  1219.27240905	    -0.08890725
  1219.76247031	    -0.06782805
  1220.25253157	    -0.04689017
  1220.74259282	    -0.02615603
  1221.23265408	    -0.00565792
  1221.72271534	     0.01459566
  1222.21277660	     0.03461265
  1222.70283785	     0.05440936
  1223.19289911	     0.07400206
  1223.68296037	     0.09339906
  1224.17302163	     0.11259409
  1224.66308289	     0.13156204
  1225.15314414	     0.15025826
  1225.64320540	     0.16862200
  1226.13326666	     0.18658430
  1226.62332792	     0.20407968
  1227.11338917	     0.22105997
  1227.60345043	     0.23750802
  1228.09351169	     0.25344874
  1228.58357295	     0.26895502
  1229.07363421	     0.28414722
  1229.56369546	     0.29918608
  1230.05375672	     0.31426030
  1230.54381798	     0.32957066
  1231.03387924	     0.34531315
  1231.52394050	     0.36166283
  1232.01400175	     0.37875951
  1232.50406301	     0.39669539
  1232.99412427	     0.41550408
  1233.48418553	     0.43515041
  1233.97424678	     0.45552069
  1234.46430804	     0.47641388
  1234.95436930	     0.49753486
  1235.44443056	     0.51849210
  1235.93449182	     0.53880229
  1236.42455307	     0.55790473
  1236.91461433	     0.57518724
  1237.40467559	     0.59002389
  1237.89473685	     0.60182202
  1238.38479810	     0.61007345
  1238.87485935	     0.61440244
  1239.36492061	     0.61460199
  1239.85498187	     0.61065188
  1240.34504313	     0.60271504
  1240.83510438	     0.59111327
  1241.32516564	     0.57628803
  1241.81522690	     0.55875358
  1242.30528816	     0.53905085
  1242.79534941	     0.51770794
  1243.28541067	     0.49521093
  1243.77547193	     0.47198577
  1244.26553319	     0.44839027
  1244.75559445	     0.42471395
  1245.24565570	     0.40118353
  1245.73571696	     0.37797164
  1246.22577822	     0.35520694
  1246.71583948	     0.33298399
  1247.20590074	     0.31137170
  1247.69596199	     0.29041941
  1248.18602325	     0.27016033
  1248.67608451	     0.25061236
  1249.16614577	     0.23177688
  1249.65620702	     0.21363666
  1250.14626828	     0.19615395
  1250.63632954	     0.17927014
  1251.12639080	     0.16290758
  1251.61645206	     0.14697411
  1252.10651331	     0.13136979
  1252.59657457	     0.11599489
  1253.08663583	     0.10075774
  1253.57669709	     0.08558094
  1254.06675834	     0.07040480
  1254.55681960	     0.05518738
  1255.04688086	     0.03990145
  1255.53694212	     0.02452907
  1256.02700338	     0.00905530
  1256.51706463	    -0.00653783
  1257.00712589	    -0.02227588
  1257.49718715	    -0.03819440
  1257.98724841	    -0.05433919
  1258.47730967	    -0.07076441
  1258.96737092	    -0.08752919
  1259.45743218	    -0.10469303
  1259.94749344	    -0.12231063
  1260.43755470	    -0.14042631
  1260.92761595	    -0.15906821
  1261.41767721	    -0.17824224
  1261.90773847	    -0.19792574
  1262.39779973	    -0.21806077
  1262.88786099	    -0.23854722
  1263.37792224	    -0.25923630
  1263.86798350	    -0.27992534
  1264.35804476	    -0.30035527
  1264.84810602	    -0.32021248
  1265.33816727	    -0.33913635
  1265.82822853	    -0.35673340
  1266.31828979	    -0.37259811
  1266.80835105	    -0.38633911
  1267.29841231	    -0.39760847
  1267.78847356	    -0.40613047
  1268.27853482	    -0.41172625
  1268.76859608	    -0.41433029
  1269.25865734	    -0.41399631
  1269.74871859	    -0.41089147
  1270.23877984	    -0.40528009
  1270.72884110	    -0.39749954
  1271.21890236	    -0.38793247
  1271.70896362	    -0.37697920
  1272.19902487	    -0.36503371
  1272.68908613	    -0.35246521
  1273.17914739	    -0.33960594
  1273.66920865	    -0.32674474
  1274.15926991	    -0.31412520
  1274.64933116	    -0.30194705
  1275.13939242	    -0.29036944
  1275.62945368	    -0.27951509
  1276.11951494	    -0.26947480
  1276.60957619	    -0.26031167
  1277.09963745	    -0.25206503
  1277.58969871	    -0.24475381
  1278.07975997	    -0.23837926
  1278.56982123	    -0.23292702
  1279.05988248	    -0.22836843
  1279.54994374	    -0.22466121
  1280.04000500	    -0.22174936
  1280.53006626	    -0.21956276
  1281.02012751	    -0.21801650
  1281.51018877	    -0.21701043
  1282.00025003	    -0.21642947
  1282.49031129	    -0.21614525
  1282.98037255	    -0.21601958
  1283.47043380	    -0.21591025
  1283.96049506	    -0.21567913
  1284.45055632	    -0.21520215
  1284.94061758	    -0.21438004
  1285.43067883	    -0.21314818
  1285.92074009	    -0.21148391
  1286.41080135	    -0.20940963
  1286.90086261	    -0.20699086
  1287.39092387	    -0.20432954
  1287.88098512	    -0.20155355
  1288.37104638	    -0.19880437
  1288.86110764	    -0.19622474
  1289.35116890	    -0.19394820
  1289.84123016	    -0.19209130
  1290.33129141	    -0.19074917
  1290.82135267	    -0.18999397
  1291.31141393	    -0.18987568
  1291.80147519	    -0.19042421
  1292.29153644	    -0.19165204
  1292.78159770	    -0.19355669
  1293.27165896	    -0.19612251
  1293.76172022	    -0.19932149
  1294.25178148	    -0.20311331
  1294.74184273	    -0.20744453
  1295.23190399	    -0.21224757
  1295.72196525	    -0.21743970
  1296.21202651	    -0.22292298
  1296.70208776	    -0.22858551
  1297.19214902	    -0.23430479
  1297.68221028	    -0.23995348
  1298.17227154	    -0.24540750
  1298.66233280	    -0.25055589
  1299.15239405	    -0.25531122
  1299.64245531	    -0.25961887
  1300.13251657	    -0.26346379
  1300.62257783	    -0.26687323
  1301.11263908	    -0.26991528
  1301.60270033	    -0.27269337
  1302.09276159	    -0.27533810
  1302.58282285	    -0.27799764
  1303.07288411	    -0.28082798
  1303.56294536	    -0.28398408
  1304.05300662	    -0.28761213
  1304.54306788	    -0.29184301
  1305.03312914	    -0.29678685
  1305.52319040	    -0.30252847
  1306.01325165	    -0.30912377
  1306.50331291	    -0.31659715
  1306.99337417	    -0.32494023
  1307.48343543	    -0.33411196
  1307.97349668	    -0.34404007
  1308.46355794	    -0.35462354
  1308.95361920	    -0.36573558
  1309.44368046	    -0.37722631
  1309.93374172	    -0.38892484
  1310.42380297	    -0.40064035
  1310.91386423	    -0.41216313
  1311.40392549	    -0.42326639
  1311.89398675	    -0.43371075
  1312.38404800	    -0.44325261
  1312.87410926	    -0.45165705
  1313.36417052	    -0.45871446
  1313.85423178	    -0.46425860
  1314.34429304	    -0.46818272
  1314.83435429	    -0.47045024
  1315.32441555	    -0.47109746
  1315.81447681	    -0.47022740
  1316.30453807	    -0.46799596
  1316.79459932	    -0.46459319
  1317.28466058	    -0.46022289
  1317.77472184	    -0.45508365
  1318.26478310	    -0.44935342
  1318.75484436	    -0.44317858
  1319.24490561	    -0.43666742
  1319.73496687	    -0.42988738
  1320.22502813	    -0.42286522
  1320.71508939	    -0.41558961
  1321.20515065	    -0.40801573
  1321.69521190	    -0.40007215
  1322.18527316	    -0.39166987
  1322.67533442	    -0.38271348
  1323.16539568	    -0.37311392
  1323.65545693	    -0.36280169
  1324.14551819	    -0.35173929
  1324.63557945	    -0.33993150
  1325.12564071	    -0.32743245
  1325.61570197	    -0.31434838
  1326.10576322	    -0.30083551
  1326.59582448	    -0.28709256
  1327.08588574	    -0.27334765
  1327.57594700	    -0.25984039
  1328.06600825	    -0.24680045
  1328.55606951	    -0.23442514
  1329.04613077	    -0.22285888
  1329.53619203	    -0.21217777
  1330.02625329	    -0.20238160
  1330.51631454	    -0.19339481
  1331.00637580	    -0.18507647
  1331.49643706	    -0.17723804
  1331.98649832	    -0.16966660
  1332.47655957	    -0.16215038
  1332.96662083	    -0.15450302
  1333.45668208	    -0.14658310
  1333.94674334	    -0.13830626
  1334.43680460	    -0.12964863
  1334.92686585	    -0.12064170
  1335.41692711	    -0.11136070
  1335.90698837	    -0.10190920
  1336.39704963	    -0.09240328
  1336.88711089	    -0.08295789
  1337.37717214	    -0.07367723
  1337.86723340	    -0.06464960
  1338.35729466	    -0.05594634
  1338.84735592	    -0.04762370
  1339.33741717	    -0.03972647
  1339.82747843	    -0.03229183
  1340.31753969	    -0.02535279
  1340.80760095	    -0.01894020
  1341.29766221	    -0.01308333
  1341.78772346	    -0.00780869
  1342.27778472	    -0.00313742
  1342.76784598	     0.00091848
  1343.25790724	     0.00436047
  1343.74796849	     0.00720797
  1344.23802975	     0.00950206
  1344.72809101	     0.01130807
  1345.21815227	     0.01271619
  1345.70821353	     0.01383988
  1346.19827478	     0.01481184
  1346.68833604	     0.01577766
  1347.17839730	     0.01688759
  1347.66845856	     0.01828726
  1348.15851981	     0.02010844
  1348.64858107	     0.02246097
  1349.13864233	     0.02542718
  1349.62870359	     0.02905929
  1350.11876485	     0.03338018
  1350.60882610	     0.03838670
  1351.09888736	     0.04405442
  1351.58894862	     0.05034224
  1352.07900988	     0.05719565
  1352.56907114	     0.06454794
  1353.05913239	     0.07231961
  1353.54919365	     0.08041682
  1354.03925491	     0.08872979
  1354.52931617	     0.09713235
  1355.01937742	     0.10548308
  1355.50943868	     0.11362833
  1355.99949994	     0.12140735
  1356.48956120	     0.12865914
  1356.97962246	     0.13523117
  1357.46968371	     0.14098934
  1357.95974497	     0.14582854
  1358.44980623	     0.14968248
  1358.93986749	     0.15253143
  1359.42992874	     0.15440624
  1359.91999000	     0.15538763
  1360.41005126	     0.15560078
  1360.90011252	     0.15520548
  1361.39017378	     0.15438357
  1361.88023503	     0.15332502
  1362.37029629	     0.15221435
  1362.86035755	     0.15121881
  1363.35041881	     0.15047897
  1363.84048006	     0.15010257
  1364.33054132	     0.15016155
  1364.82060257	     0.15069220
  1365.31066383	     0.15169783
  1365.80072509	     0.15315364
  1366.29078634	     0.15501278
  1366.78084760	     0.15721318
  1367.27090886	     0.15968437
  1367.76097012	     0.16235381
  1368.25103138	     0.16515199
  1368.74109263	     0.16801610
  1369.23115389	     0.17089177
  1369.72121515	     0.17373316
  1370.21127641	     0.17650151
  1370.70133766	     0.17916272
  1371.19139892	     0.18168466
  1371.68146018	     0.18403474
  1372.17152144	     0.18617816
  1372.66158270	     0.18807720
  1373.15164395	     0.18969139
  1373.64170521	     0.19097829
  1374.13176647	     0.19189476
  1374.62182773	     0.19239813
  1375.11188898	     0.19244757
  1375.60195024	     0.19200561
  1376.09201150	     0.19104038
  1376.58207276	     0.18952859
  1377.07213402	     0.18745933
  1377.56219527	     0.18483792
  1378.05225653	     0.18168892
  1378.54231779	     0.17805733
  1379.03237905	     0.17400719
  1379.52244030	     0.16961766
  1380.01250156	     0.16497696
  1380.50256282	     0.16017532
  1380.99262408	     0.15529812
  1381.48268534	     0.15042015
  1381.97274659	     0.14560173
  1382.46280785	     0.14088693
  1382.95286911	     0.13630390
  1383.44293037	     0.13186678
  1383.93299163	     0.12757901
  1384.42305288	     0.12343725
  1384.91311414	     0.11943541
  1385.40317540	     0.11556831
  1385.89323666	     0.11183440
  1386.38329791	     0.10823734
  1386.87335917	     0.10478661
  1387.36342043	     0.10149722
  1387.85348169	     0.09838921
  1388.34354295	     0.09548724
  1388.83360420	     0.09282060
  1389.32366546	     0.09042366
  1389.81372672	     0.08833634
  1390.30378798	     0.08660406
  1390.79384923	     0.08527653
  1391.28391049	     0.08440480
  1391.77397175	     0.08403662
  1392.26403301	     0.08421031
  1392.75409427	     0.08494796
  1393.24415552	     0.08624897
  1393.73421678	     0.08808482
  1394.22427804	     0.09039608
  1394.71433930	     0.09309198
  1395.20440055	     0.09605298
  1395.69446180	     0.09913618
  1396.18452306	     0.10218350
  1396.67458432	     0.10503196
  1397.16464558	     0.10752503
  1397.65470683	     0.10952374
  1398.14476809	     0.11091566
  1398.63482935	     0.11162043
  1399.12489061	     0.11159084
  1399.61495187	     0.11080978
  1400.10501312	     0.10928404
  1400.59507438	     0.10703673
  1401.08513564	     0.10410024
  1401.57519690	     0.10051109
  1402.06525815	     0.09630714
  1402.55531941	     0.09152722
  1403.04538067	     0.08621208
  1403.53544193	     0.08040562
  1404.02550319	     0.07415555
  1404.51556444	     0.06751268
  1405.00562570	     0.06052899
  1405.49568696	     0.05325490
  1405.98574822	     0.04573643
  1406.47580947	     0.03801283
  1406.96587073	     0.03011530
  1407.45593199	     0.02206676
  1407.94599325	     0.01388262
  1408.43605451	     0.00557229
  1408.92611576	    -0.00285882
  1409.41617702	    -0.01140693
  1409.90623828	    -0.02006730
  1410.39629954	    -0.02883139
  1410.88636080	    -0.03768370
  1411.37642205	    -0.04659845
  1411.86648331	    -0.05553608
  1412.35654457	    -0.06443994
  1412.84660583	    -0.07323355
  1413.33666708	    -0.08181900
  1413.82672834	    -0.09007719
  1414.31678960	    -0.09787060
  1414.80685086	    -0.10504910
  1415.29691212	    -0.11145902
  1415.78697337	    -0.11695481
  1416.27703463	    -0.12141237
  1416.76709589	    -0.12474190
  1417.25715715	    -0.12689837
  1417.74721840	    -0.12788758
  1418.23727966	    -0.12776658
  1418.72734092	    -0.12663857
  1419.21740218	    -0.12464323
  1419.70746344	    -0.12194435
  1420.19752469	    -0.11871677
  1420.68758595	    -0.11513459
  1421.17764721	    -0.11136172
  1421.66770847	    -0.10754532
  1422.15776972	    -0.10381205
  1422.64783098	    -0.10026661
  1423.13789224	    -0.09699182
  1423.62795350	    -0.09404956
  1424.11801476	    -0.09148188
  1424.60807601	    -0.08931172
  1425.09813727	    -0.08754318
  1425.58819853	    -0.08616095
  1426.07825979	    -0.08512947
  1426.56832104	    -0.08439201
  1427.05838230	    -0.08387047
  1427.54844355	    -0.08346663
  1428.03850481	    -0.08306549
  1428.52856607	    -0.08254115
  1429.01862732	    -0.08176508
  1429.50868858	    -0.08061627
  1429.99874984	    -0.07899201
  1430.48881110	    -0.07681779
  1430.97887236	    -0.07405477
  1431.46893361	    -0.07070378
  1431.95899487	    -0.06680503
  1432.44905613	    -0.06243407
  1432.93911739	    -0.05769462
  1433.42917864	    -0.05270964
  1433.91923990	    -0.04761166
  1434.40930116	    -0.04253338
  1434.89936242	    -0.03759909
  1435.38942368	    -0.03291712
  1435.87948493	    -0.02857380
  1436.36954619	    -0.02462899
  1436.85960745	    -0.02111378
  1437.34966871	    -0.01803066
  1437.83972996	    -0.01535630
  1438.32979122	    -0.01304670
  1438.81985248	    -0.01104402
  1439.30991374	    -0.00928395
  1439.79997500	    -0.00770254
  1440.29003625	    -0.00624159
  1440.78009751	    -0.00485203
  1441.27015877	    -0.00349530
  1441.76022003	    -0.00214312
  1442.25028129	    -0.00077618
  1442.74034254	     0.00061763
  1443.23040380	     0.00204497
  1443.72046506	     0.00350842
  1444.21052632	     0.00500735
  1444.70058757	     0.00653831
  1445.19064883	     0.00809482
  1445.68071009	     0.00966698
  1446.17077135	     0.01124090
  1446.66083261	     0.01279818
  1447.15089386	     0.01431591
  1447.64095512	     0.01576716
  1448.13101638	     0.01712237
  1448.62107764	     0.01835153
  1449.11113889	     0.01942705
  1449.60120015	     0.02032674
  1450.09126141	     0.02103661
  1450.58132267	     0.02155260
  1451.07138393	     0.02188117
  1451.56144518	     0.02203851
  1452.05150644	     0.02204860
  1452.54156770	     0.02194069
  1453.03162896	     0.02174669
  1453.52169021	     0.02149887
  1454.01175147	     0.02122832
  1454.50181273	     0.02096405
  1454.99187399	     0.02073287
  1455.48193525	     0.02055982
  1455.97199650	     0.02046898
  1456.46205776	     0.02048458
  1456.95211902	     0.02063204
  1457.44218028	     0.02093915
  1457.93224154	     0.02143683
  1458.42230279	     0.02215972
  1458.91236404	     0.02314612
  1459.40242530	     0.02443734
  1459.89248656	     0.02607609
  1460.38254781	     0.02810402
  1460.87260907	     0.03055834
  1461.36267033	     0.03346759
  1461.85273159	     0.03684716
  1462.34279285	     0.04069492
  1462.83285410	     0.04498772
  1463.32291536	     0.04967960
  1463.81297662	     0.05470228
  1464.30303788	     0.05996854
  1464.79309913	     0.06537819
  1465.28316039	     0.07082634
  1465.77322165	     0.07621220
  1466.26328291	     0.08144699
  1466.75334417	     0.08645876
  1467.24340542	     0.09119274
  1467.73346668	     0.09560702
  1468.22352794	     0.09966423
  1468.71358920	     0.10332165
  1469.20365045	     0.10652243
  1469.69371171	     0.10919089
  1470.18377297	     0.11123403
  1470.67383423	     0.11254962
  1471.16389549	     0.11303982
  1471.65395674	     0.11262698
  1472.14401800	     0.11126783
  1472.63407926	     0.10896210
  1473.12414052	     0.10575324
  1473.61420178	     0.10172100
  1474.10426303	     0.09696825
  1474.59432429	     0.09160567
  1475.08438555	     0.08573853
  1475.57444681	     0.07945838
  1476.06450806	     0.07284108
  1476.55456932	     0.06595015
  1477.04463058	     0.05884329
  1477.53469184	     0.05157947
  1478.02475310	     0.04422414
  1478.51481435	     0.03685165
  1479.00487561	     0.02954460
  1479.49493687	     0.02239119
  1479.98499813	     0.01548186
  1480.47505938	     0.00890602
  1480.96512064	     0.00274931
  1481.45518190	    -0.00290872
  1481.94524316	    -0.00799737
  1482.43530442	    -0.01245805
  1482.92536567	    -0.01624806
  1483.41542693	    -0.01934421
  1483.90548819	    -0.02174534
  1484.39554945	    -0.02347304
  1484.88561070	    -0.02457010
  1485.37567196	    -0.02509692
  1485.86573322	    -0.02512650
  1486.35579448	    -0.02473882
  1486.84585574	    -0.02401533
  1487.33591699	    -0.02303436
  1487.82597825	    -0.02186759
  1488.31603951	    -0.02057787
  1488.80610077	    -0.01921817
  1489.29616202	    -0.01783150
  1489.78622327	    -0.01645147
  1490.27628453	    -0.01510336
  1490.76634579	    -0.01380525
  1491.25640705	    -0.01256935
  1491.74646830	    -0.01140316
  1492.23652956	    -0.01031049
  1492.72659082	    -0.00929242
  1493.21665208	    -0.00834804
  1493.70671334	    -0.00747498
  1494.19677459	    -0.00666999
  1494.68683585	    -0.00592919
  1495.17689711	    -0.00524840
  1495.66695837	    -0.00462331
  1496.15701962	    -0.00404962
  1496.64708088	    -0.00352316
  1497.13714214	    -0.00303991
  1497.62720340	    -0.00259606
  1498.11726466	    -0.00218804
  1498.60732591	    -0.00181252
  1499.09738717	    -0.00146640
  1499.58744843	    -0.00114683
  1500.07750969	    -0.00085117
  1500.56757094	    -0.00057701
  1501.05763220	    -0.00032217
  1501.54769346	    -0.00008466
  1502.03775472	     0.00013729
  1502.52781598	     0.00034523
  1503.01787723	     0.00054044
  1503.50793849	     0.00072399
  1503.99799975	     0.00089657
  1504.48806101	     0.00105857
  1504.97812227	     0.00120986
  1505.46818352	     0.00134982
  1505.95824478	     0.00147708
  1506.44830604	     0.00158944
  1506.93836730	     0.00168368
  1507.42842855	     0.00175527
  1507.91848981	     0.00179822
  1508.40855107	     0.00180485
  1508.89861233	     0.00176563
  1509.38867359	     0.00166917
  1509.87873484	     0.00150237
  1510.36879610	     0.00125090
  1510.85885736	     0.00090001
  1511.34891862	     0.00043582
  1511.83897987	    -0.00015300
  1512.32904113	    -0.00087320
  1512.81910239	    -0.00172487
  1513.30916365	    -0.00269964
  1513.79922491	    -0.00377958
  1514.28928616	    -0.00493727
  1514.77934742	    -0.00613708
  1515.26940868	    -0.00733782
  1515.75946994	    -0.00849623
  1516.24953119	    -0.00957073
  1516.73959245	    -0.01052479
  1517.22965371	    -0.01132925
  1517.71971497	    -0.01196353
  1518.20977623	    -0.01241562
  1518.69983748	    -0.01268130
  1519.18989874	    -0.01276308
  1519.67996000	    -0.01266910
  1520.17002126	    -0.01241211
  1520.66008251	    -0.01200867
  1521.15014376	    -0.01147814
  1521.64020502	    -0.01084174
  1522.13026628	    -0.01012141
  1522.62032754	    -0.00933869
  1523.11038879	    -0.00851376
  1523.60045005	    -0.00766466
  1524.09051131	    -0.00680683
  1524.58057257	    -0.00595292
  1525.07063383	    -0.00511279
  1525.56069508	    -0.00429378
  1526.05075634	    -0.00350096
  1526.54081760	    -0.00273752
  1527.03087886	    -0.00200512
  1527.52094011	    -0.00130422
  1528.01100137	    -0.00063437
  1528.50106263	     0.00000554
  1528.99112389	     0.00061708
  1529.48118515	     0.00120213
  1529.97124640	     0.00176275
  1530.46130766	     0.00230110
  1530.95136892	     0.00281935
  1531.44143018	     0.00331968
  1531.93149143	     0.00380419
  1532.42155269	     0.00427494
  1532.91161395	     0.00473390
  1533.40167521	     0.00518294
  1533.89173647	     0.00562387
  1534.38179772	     0.00605841
  1534.87185898	     0.00648820
  1535.36192024	     0.00691481
  1535.85198150	     0.00733977
  1536.34204276	     0.00776452
  1536.83210401	     0.00819050
  1537.32216527	     0.00861907
  1537.81222653	     0.00905161
  1538.30228779	     0.00948945
  1538.79234904	     0.00993392
  1539.28241030	     0.01038635
  1539.77247156	     0.01084808
  1540.26253282	     0.01132047
  1540.75259408	     0.01180490
  1541.24265533	     0.01230280
  1541.73271659	     0.01281562
  1542.22277785	     0.01334489
  1542.71283911	     0.01389218
  1543.20290036	     0.01445915
  1543.69296162	     0.01504754
  1544.18302288	     0.01565919
  1544.67308414	     0.01629605
  1545.16314540	     0.01696018
  1545.65320665	     0.01765378
  1546.14326791	     0.01837923
  1546.63332917	     0.01913903
  1547.12339043	     0.01993592
  1547.61345168	     0.02077280
  1548.10351294	     0.02165284
  1548.59357420	     0.02257943
  1549.08363546	     0.02355626
  1549.57369672	     0.02458734
  1550.06375797	     0.02567698
  1550.55381923	     0.02682991
  1551.04388049	     0.02805124
  1551.53394175	     0.02934655
  1552.02400300	     0.03072192
  1552.51406425	     0.03218398
  1553.00412551	     0.03373995
  1553.49418677	     0.03539772
  1553.98424803	     0.03716588
  1554.47430928	     0.03905381
  1554.96437054	     0.04107173
  1555.45443180	     0.04323077
  1555.94449306	     0.04554302
  1556.43455432	     0.04802160
  1556.92461557	     0.05068071
  1557.41467683	     0.05353563
  1557.90473809	     0.05660277
  1558.39479935	     0.05989959
  1558.88486060	     0.06344457
  1559.37492186	     0.06725698
  1559.86498312	     0.07135671
  1560.35504438	     0.07576377
  1560.84510564	     0.08049785
  1561.33516689	     0.08557741
  1561.82522815	     0.09101870
  1562.31528941	     0.09683428
  1562.80535067	     0.10303124
  1563.29541193	     0.10960884
  1563.78547318	     0.11655580
  1564.27553444	     0.12384695
  1564.76559570	     0.13143957
  1565.25565696	     0.13926960
  1565.74571821	     0.14724792
  1566.23577947	     0.15525756
  1566.72584073	     0.16315230
  1567.21590199	     0.17075788
  1567.70596325	     0.17787644
  1568.19602450	     0.18429516
  1568.68608576	     0.18979915
  1569.17614702	     0.19418791
  1569.66620828	     0.19729391
  1570.15626953	     0.19900052
  1570.64633079	     0.19925649
  1571.13639205	     0.19808404
  1571.62645331	     0.19557877
  1572.11651457	     0.19190108
  1572.60657582	     0.18726045
  1573.09663708	     0.18189502
  1573.58669834	     0.17604968
  1574.07675960	     0.16995561
  1574.56682085	     0.16381358
  1575.05688211	     0.15778242
  1575.54694337	     0.15197321
  1576.03700463	     0.14644903
  1576.52706589	     0.14122941
  1577.01712714	     0.13629841
  1577.50718840	     0.13161503
  1577.99724966	     0.12712448
  1578.48731092	     0.12276903
  1578.97737218	     0.11849713
  1579.46743343	     0.11427001
  1579.95749469	     0.11006530
  1580.44755595	     0.10587759
  1580.93761721	     0.10171651
  1581.42767846	     0.09760310
  1581.91773972	     0.09356536
  1582.40780098	     0.08963390
  1582.89786224	     0.08583806
  1583.38792349	     0.08220305
  1583.87798474	     0.07874799
  1584.36804600	     0.07548478
  1584.85810726	     0.07241759
  1585.34816852	     0.06954287
  1585.83822977	     0.06684956
  1586.32829103	     0.06431953
  1586.81835229	     0.06192821
  1587.30841355	     0.05964543
  1587.79847481	     0.05743658
  1588.28853606	     0.05526412
  1588.77859732	     0.05308957
  1589.26865858	     0.05087567
  1589.75871984	     0.04858884
  1590.24878109	     0.04620140
  1590.73884235	     0.04369328
  1591.22890361	     0.04105302
  1591.71896487	     0.03827782
  1592.20902613	     0.03537264
  1592.69908738	     0.03234870
  1593.18914864	     0.02922152
  1593.67920990	     0.02600899
  1594.16927116	     0.02272973
  1594.65933242	     0.01940191
  1595.14939367	     0.01604256
  1595.63945493	     0.01266738
  1596.12951619	     0.00929101
  1596.61957745	     0.00592741
  1597.10963870	     0.00259055
  1597.59969996	    -0.00070512
  1598.08976122	    -0.00394416
  1598.57982248	    -0.00711001
  1599.06988374	    -0.01018520
  1599.55994499	    -0.01315196
  1600.05000625	    -0.01599327
  1600.54006751	    -0.01869413
  1601.03012877	    -0.02124280
  1601.52019002	    -0.02363172
  1602.01025128	    -0.02585772
  1602.50031254	    -0.02792126
  1602.99037380	    -0.02982480
  1603.48043506	    -0.03157048
  1603.97049631	    -0.03315749
  1604.46055757	    -0.03457977
  1604.95061883	    -0.03582442
  1605.44068009	    -0.03687142
  1605.93074134	    -0.03769471
  1606.42080260	    -0.03826469
  1606.91086386	    -0.03855178
  1607.40092512	    -0.03853047
  1607.89098638	    -0.03818325
  1608.38104763	    -0.03750354
  1608.87110889	    -0.03649734
  1609.36117015	    -0.03518318
  1609.85123141	    -0.03359052
  1610.34129267	    -0.03175716
  1610.83135392	    -0.02972592
  1611.32141518	    -0.02754135
  1611.81147644	    -0.02524681
  1612.30153770	    -0.02288214
  1612.79159895	    -0.02048208
  1613.28166021	    -0.01807541
  1613.77172147	    -0.01568468
  1614.26178273	    -0.01332637
  1614.75184399	    -0.01101142
  1615.24190523	    -0.00874585
  1615.73196649	    -0.00653157
  1616.22202775	    -0.00436702
  1616.71208901	    -0.00224790
  1617.20215026	    -0.00016774
  1617.69221152	     0.00188165
  1618.18227278	     0.00390979
  1618.67233404	     0.00592720
  1619.16239530	     0.00794522
  1619.65245655	     0.00997582
  1620.14251781	     0.01203149
  1620.63257907	     0.01412512
  1621.12264033	     0.01626992
  1621.61270158	     0.01847928
  1622.10276284	     0.02076656
  1622.59282410	     0.02314482
  1623.08288536	     0.02562642
  1623.57294662	     0.02822232
  1624.06300787	     0.03094121
  1624.55306913	     0.03378822
  1625.04313039	     0.03676329
  1625.53319165	     0.03985912
  1626.02325291	     0.04305878
  1626.51331416	     0.04633331
  1627.00337542	     0.04963952
  1627.49343668	     0.05291878
  1627.98349794	     0.05609717
  1628.47355919	     0.05908790
  1628.96362045	     0.06179613
  1629.45368171	     0.06412599
  1629.94374297	     0.06598926
  1630.43380423	     0.06731419
  1630.92386548	     0.06805298
  1631.41392674	     0.06818663
  1631.90398800	     0.06772625
  1632.39404926	     0.06671073
  1632.88411051	     0.06520158
  1633.37417177	     0.06327586
  1633.86423303	     0.06101867
  1634.35429429	     0.05851617
  1634.84435555	     0.05584996
  1635.33441680	     0.05309319
  1635.82447806	     0.05030829
  1636.31453932	     0.04754615
  1636.80460058	     0.04484644
  1637.29466183	     0.04223854
  1637.78472309	     0.03974293
  1638.27478435	     0.03737267
  1638.76484561	     0.03513492
  1639.25490687	     0.03303222
  1639.74496812	     0.03106367
  1640.23502938	     0.02922592
  1640.72509064	     0.02751388
  1641.21515190	     0.02592139
  1641.70521316	     0.02444163
  1642.19527441	     0.02306749
  1642.68533567	     0.02179185
  1643.17539693	     0.02060767
  1643.66545819	     0.01950820
  1644.15551944	     0.01848701
  1644.64558070	     0.01753804
  1645.13564196	     0.01665562
  1645.62570322	     0.01583449
  1646.11576448	     0.01506978
  1646.60582572	     0.01435700
  1647.09588698	     0.01369202
  1647.58594824	     0.01307104
  1648.07600950	     0.01249060
  1648.56607075	     0.01194752
  1649.05613201	     0.01143888
  1649.54619327	     0.01096203
  1650.03625453	     0.01051453
  1650.52631579	     0.01009416
  1651.01637704	     0.00969887
  1651.50643830	     0.00932682
  1651.99649956	     0.00897629
  1652.48656082	     0.00864572
  1652.97662207	     0.00833368
  1653.46668333	     0.00803886
  1653.95674459	     0.00776005
  1654.44680585	     0.00749615
  1654.93686711	     0.00724614
  1655.42692836	     0.00700908
  1655.91698962	     0.00678411
  1656.40705088	     0.00657045
  1656.89711214	     0.00636734
  1657.38717340	     0.00617413
  1657.87723465	     0.00599018
  1658.36729591	     0.00581492
  1658.85735717	     0.00564781
  1659.34741843	     0.00548835
  1659.83747968	     0.00533609
  1660.32754094	     0.00519060
  1660.81760220	     0.00505149
  1661.30766346	     0.00491838
  1661.79772472	     0.00479094
  1662.28778597	     0.00466884
  1662.77784723	     0.00455179
  1663.26790849	     0.00443951
  1663.75796975	     0.00433174
  1664.24803100	     0.00422824
  1664.73809226	     0.00412879
  1665.22815352	     0.00403317
  1665.71821478	     0.00394118
  1666.20827604	     0.00385265
  1666.69833729	     0.00376738
  1667.18839855	     0.00368523
  1667.67845981	     0.00360605
  1668.16852107	     0.00352967
  1668.65858232	     0.00345598
  1669.14864358	     0.00338483
  1669.63870484	     0.00331613
  1670.12876610	     0.00324974
  1670.61882736	     0.00318556
  1671.10888861	     0.00312350
  1671.59894987	     0.00306345
  1672.08901113	     0.00300534
  1672.57907239	     0.00294906
  1673.06913365	     0.00289456
  1673.55919490	     0.00284173
  1674.04925616	     0.00279053
  1674.53931742	     0.00274088
  1675.02937868	     0.00269270
  1675.51943993	     0.00264596
  1676.00950119	     0.00260057
  1676.49956245	     0.00255650
  1676.98962371	     0.00251369
  1677.47968496	     0.00247208
  1677.96974621	     0.00243164
  1678.45980747	     0.00239231
  1678.94986873	     0.00235406
  1679.43992999	     0.00231684
  1679.92999124	     0.00228062
  1680.42005250	     0.00224535
  1680.91011376	     0.00221100
  1681.40017502	     0.00217755
  1681.89023628	     0.00214495
  1682.38029753	     0.00211318
  1682.87035879	     0.00208221
  1683.36042005	     0.00205200
  1683.85048131	     0.00202254
  1684.34054256	     0.00199379
  1684.83060382	     0.00196574
  1685.32066508	     0.00193836
  1685.81072634	     0.00191163
  1686.30078760	     0.00188552
  1686.79084885	     0.00186002
  1687.28091011	     0.00183510
  1687.77097137	     0.00181075
  1688.26103263	     0.00178695
  1688.75109389	     0.00176368
  1689.24115514	     0.00174093
  1689.73121640	     0.00171867
  1690.22127766	     0.00169690
  1690.71133892	     0.00167560
  1691.20140017	     0.00165475
  1691.69146143	     0.00163435
  1692.18152269	     0.00161437
  1692.67158395	     0.00159481
  1693.16164521	     0.00157565
  1693.65170646	     0.00155688
  1694.14176772	     0.00153849
  1694.63182898	     0.00152047
  1695.12189024	     0.00150282
  1695.61195149	     0.00148551
  1696.10201275	     0.00146854
  1696.59207401	     0.00145190
  1697.08213527	     0.00143558
  1697.57219653	     0.00141957
  1698.06225778	     0.00140387
  1698.55231904	     0.00138847
  1699.04238030	     0.00137335
  1699.53244156	     0.00135851
  1700.02250281	     0.00134394
  1700.51256407	     0.00132965
  1701.00262533	     0.00131561
  1701.49268659	     0.00130182
  1701.98274785	     0.00128828
  1702.47280910	     0.00127498
  1702.96287036	     0.00126191
  1703.45293162	     0.00124907
  1703.94299288	     0.00123646
  1704.43305414	     0.00122406
  1704.92311539	     0.00121187
  1705.41317665	     0.00119990
  1705.90323791	     0.00118812
  1706.39329917	     0.00117654
  1706.88336042	     0.00116515
  1707.37342168	     0.00115395
  1707.86348294	     0.00114294
  1708.35354420	     0.00113210
  1708.84360545	     0.00112144
  1709.33366671	     0.00111095
  1709.82372796	     0.00110063
  1710.31378922	     0.00109047
  1710.80385048	     0.00108047
  1711.29391173	     0.00107063
  1711.78397299	     0.00106094
  1712.27403425	     0.00105141
  1712.76409551	     0.00104202
  1713.25415677	     0.00103277
  1713.74421802	     0.00102366
  1714.23427928	     0.00101469
  1714.72434054	     0.00100585
  1715.21440180	     0.00099715
  1715.70446305	     0.00098858
  1716.19452431	     0.00098013
  1716.68458557	     0.00097180
  1717.17464683	     0.00096360
  1717.66470809	     0.00095551
  1718.15476934	     0.00094754
  1718.64483060	     0.00093969
  1719.13489186	     0.00093195
  1719.62495312	     0.00092431
  1720.11501438	     0.00091679
  1720.60507563	     0.00090937
  1721.09513689	     0.00090205
  1721.58519815	     0.00089483
  1722.07525941	     0.00088771
  1722.56532066	     0.00088069
  1723.05538192	     0.00087377
  1723.54544318	     0.00086694
  1724.03550444	     0.00086020
  1724.52556570	     0.00085355
  1725.01562695	     0.00084699
  1725.50568821	     0.00084052
  1725.99574947	     0.00083413
  1726.48581073	     0.00082783
  1726.97587198	     0.00082161
  1727.46593324	     0.00081546
  1727.95599450	     0.00080940
  1728.44605576	     0.00080342
  1728.93611702	     0.00079751
  1729.42617827	     0.00079168
  1729.91623953	     0.00078592
  1730.40630079	     0.00078024
  1730.89636205	     0.00077462
  1731.38642331	     0.00076908
  1731.87648456	     0.00076360
  1732.36654582	     0.00075819
  1732.85660708	     0.00075285
  1733.34666834	     0.00074758
  1733.83672959	     0.00074237
  1734.32679085	     0.00073722
  1734.81685211	     0.00073213
  1735.30691337	     0.00072711
  1735.79697463	     0.00072214
  1736.28703588	     0.00071724
  1736.77709714	     0.00071239
  1737.26715840	     0.00070760
  1737.75721966	     0.00070287
  1738.24728091	     0.00069819
  1738.73734217	     0.00069356
  1739.22740343	     0.00068899
  1739.71746469	     0.00068448
  1740.20752595	     0.00068001
  1740.69758720	     0.00067560
  1741.18764845	     0.00067123
  1741.67770971	     0.00066692
  1742.16777097	     0.00066265
  1742.65783222	     0.00065844
  1743.14789348	     0.00065427
  1743.63795474	     0.00065014
  1744.12801600	     0.00064606
  1744.61807726	     0.00064203
  1745.10813851	     0.00063804
  1745.59819977	     0.00063410
  1746.08826103	     0.00063020
  1746.57832229	     0.00062634
  1747.06838355	     0.00062253
  1747.55844480	     0.00061875
  1748.04850606	     0.00061502
  1748.53856732	     0.00061132
  1749.02862858	     0.00060767
  1749.51868983	     0.00060405
  1750.00875109	     0.00060048
  1750.49881235	     0.00059694
  1750.98887361	     0.00059344
  1751.47893487	     0.00058997
  1751.96899612	     0.00058654
  1752.45905738	     0.00058315
  1752.94911864	     0.00057979
  1753.43917990	     0.00057647
  1753.92924115	     0.00057318
  1754.41930241	     0.00056993
  1754.90936367	     0.00056671
  1755.39942493	     0.00056352
  1755.88948619	     0.00056036
  1756.37954744	     0.00055724
  1756.86960870	     0.00055415
  1757.35966996	     0.00055109
  1757.84973122	     0.00054806
  1758.33979247	     0.00054506
  1758.82985373	     0.00054209
  1759.31991499	     0.00053915
  1759.80997625	     0.00053623
  1760.30003751	     0.00053335
  1760.79009876	     0.00053050
  1761.28016002	     0.00052767
  1761.77022128	     0.00052487
  1762.26028254	     0.00052210
  1762.75034380	     0.00051936
  1763.24040505	     0.00051664
  1763.73046631	     0.00051395
  1764.22052757	     0.00051129
  1764.71058883	     0.00050865
  1765.20065008	     0.00050603
  1765.69071134	     0.00050344
  1766.18077260	     0.00050088
  1766.67083386	     0.00049834
  1767.16089512	     0.00049582
  1767.65095637	     0.00049333
  1768.14101763	     0.00049086
  1768.63107889	     0.00048841
  1769.12114015	     0.00048599
  1769.61120140	     0.00048359
  1770.10126266	     0.00048121
  1770.59132392	     0.00047886
  1771.08138518	     0.00047652
  1771.57144643	     0.00047421
  1772.06150768	     0.00047192
  1772.55156894	     0.00046965
  1773.04163020	     0.00046740
  1773.53169146	     0.00046517
  1774.02175271	     0.00046296
  1774.51181397	     0.00046077
  1775.00187523	     0.00045861
  1775.49193649	     0.00045646
  1775.98199775	     0.00045433
  1776.47205900	     0.00045222
  1776.96212026	     0.00045013
  1777.45218152	     0.00044805
  1777.94224278	     0.00044600
  1778.43230404	     0.00044396
  1778.92236529	     0.00044194
  1779.41242655	     0.00043994
  1779.90248781	     0.00043796
  1780.39254907	     0.00043600
