   960.00250031	     0.07928966
   960.49506189	     0.08253740
   960.98762345	     0.08586005
   961.48018502	     0.08927740
   961.97274659	     0.09281488
   962.46530817	     0.09650376
   962.95786974	     0.10038118
   963.45043130	     0.10448975
   963.94299287	     0.10887674
   964.43555445	     0.11359238
   964.92811602	     0.11868754
   965.42067758	     0.12421057
   965.91323915	     0.13020357
   966.40580073	     0.13669838
   966.89836230	     0.14371258
   967.39092387	     0.15124587
   967.88348543	     0.15927707
   968.37604700	     0.16776171
   968.86860858	     0.17663046
   969.36117015	     0.18578790
   969.85373172	     0.19511211
   970.34629328	     0.20445504
   970.83885486	     0.21364424
   971.33141643	     0.22248675
   971.82397800	     0.23077565
   972.31653956	     0.23829965
   972.80910114	     0.24485548
   973.30166271	     0.25026205
   973.79422428	     0.25437490
   974.28678584	     0.25709884
   974.77934742	     0.25839673
   975.27190899	     0.25829312
   975.76447056	     0.25687194
   976.25703213	     0.25426878
   976.74959370	     0.25065900
   977.24215527	     0.24624344
   977.73471684	     0.24123370
   978.22727841	     0.23583872
   978.71983998	     0.23025373
   979.21240155	     0.22465232
   979.70496312	     0.21918142
   980.19752469	     0.21395902
   980.69008626	     0.20907376
   981.18264783	     0.20458598
   981.67520940	     0.20052955
   982.16777097	     0.19691424
   982.66033254	     0.19372852
   983.15289412	     0.19094281
   983.64545568	     0.18851342
   984.13801725	     0.18638713
   984.63057882	     0.18450653
   985.12314040	     0.18281584
   985.61570196	     0.18126684
   986.10826353	     0.17982418
   986.60082510	     0.17846956
   987.09338668	     0.17720387
   987.58594825	     0.17604727
   988.07850981	     0.17503706
   988.57107138	     0.17422395
   989.06363295	     0.17366729
   989.55619453	     0.17343006
   990.04875610	     0.17357427
   990.54131766	     0.17415706
   991.03387923	     0.17522764
   991.52644081	     0.17682501
   992.01900238	     0.17897606
   992.51156394	     0.18169398
   993.00412551	     0.18497654
   993.49668709	     0.18880429
   993.98924866	     0.19313847
   994.48181023	     0.19791895
   994.97437179	     0.20306254
   995.46693337	     0.20846223
   995.95949494	     0.21398818
   996.45205651	     0.21949131
   996.94461807	     0.22481032
   997.43717965	     0.22978265
   997.92974122	     0.23425903
   998.42230279	     0.23812070
   998.91486436	     0.24129687
   999.40742592	     0.24377953
   999.89998750	     0.24563195
  1000.39254907	     0.24698815
  1000.88511064	     0.24804138
  1001.37767220	     0.24902196
  1001.87023378	     0.25016656
  1002.36279535	     0.25168302
  1002.85535692	     0.25371569
  1003.34791849	     0.25631667
  1003.84048006	     0.25942750
  1004.33304163	     0.26287454
  1004.82560320	     0.26637915
  1005.31816477	     0.26958171
  1005.81072635	     0.27207629
  1006.30328791	     0.27345147
  1006.79584948	     0.27333166
  1007.28841105	     0.27141338
  1007.78097263	     0.26749168
  1008.27353419	     0.26147365
  1008.76609576	     0.25337824
  1009.25865733	     0.24332384
  1009.75121890	     0.23150707
  1010.24378048	     0.21817676
  1010.73634204	     0.20360740
  1011.22890361	     0.18807522
  1011.72146518	     0.17183885
  1012.21402676	     0.15512560
  1012.70658832	     0.13812323
  1013.19914989	     0.12097665
  1013.69171146	     0.10378840
  1014.18427304	     0.08662185
  1014.67683461	     0.06950597
  1015.16939617	     0.05244069
  1015.66195774	     0.03540217
  1016.15451932	     0.01834764
  1016.64708089	     0.00121948
  1017.13964245	    -0.01605122
  1017.63220402	    -0.03354172
  1018.12476560	    -0.05133498
  1018.61732717	    -0.06951703
  1019.10988874	    -0.08817416
  1019.60245030	    -0.10738970
  1020.09501187	    -0.12723999
  1020.58757345	    -0.14778952
  1021.08013502	    -0.16908484
  1021.57269659	    -0.19114733
  1022.06525815	    -0.21396463
  1022.55781973	    -0.23748112
  1023.05038130	    -0.26158781
  1023.54294287	    -0.28611268
  1024.03550443	    -0.31081267
  1024.52806601	    -0.33536912
  1025.02062758	    -0.35938849
  1025.51318915	    -0.38241018
  1026.00575072	    -0.40392245
  1026.49831229	    -0.42338667
  1026.99087386	    -0.44026832
  1027.48343543	    -0.45407212
  1027.97599700	    -0.46437707
  1028.46855857	    -0.47086724
  1028.96112014	    -0.47335415
  1029.45368171	    -0.47178815
  1029.94624328	    -0.46625786
  1030.43880485	    -0.45697863
  1030.93136642	    -0.44427260
  1031.42392799	    -0.42854362
  1031.91648956	    -0.41025060
  1032.40905113	    -0.38988194
  1032.90161270	    -0.36793297
  1033.39417427	    -0.34488688
  1033.88673584	    -0.32119911
  1034.37929741	    -0.29728477
  1034.87185899	    -0.27350858
  1035.36442055	    -0.25017723
  1035.85698212	    -0.22753400
  1036.34954369	    -0.20575586
  1036.84210527	    -0.18495266
  1037.33466684	    -0.16516811
  1037.82722840	    -0.14638161
  1038.31978997	    -0.12851031
  1038.81235155	    -0.11141055
  1039.30491312	    -0.09487867
  1039.79747468	    -0.07865175
  1040.29003625	    -0.06240943
  1040.78259782	    -0.04577851
  1041.27515940	    -0.02834225
  1041.76772097	    -0.00965574
  1042.26028253	     0.01073218
  1042.75284410	     0.03325102
  1043.24540568	     0.05827727
  1043.73796725	     0.08610326
  1044.23052881	     0.11691076
  1044.72309038	     0.15075378
  1045.21565196	     0.18755335
  1045.70821353	     0.22710535
  1046.20077510	     0.26909924
  1046.69333666	     0.31314426
  1047.18589824	     0.35879807
  1047.67845981	     0.40559316
  1048.17102138	     0.45305757
  1048.66358294	     0.50072790
  1049.15614452	     0.54815490
  1049.64870609	     0.59490336
  1050.14126766	     0.64054930
  1050.63382923	     0.68467776
  1051.12639079	     0.72688440
  1051.61895237	     0.76678256
  1052.11151394	     0.80401635
  1052.60407551	     0.83827811
  1053.09663708	     0.86932698
  1053.58919865	     0.89700399
  1054.08176022	     0.92123893
  1054.57432179	     0.94204534
  1055.06688336	     0.95950237
  1055.55944493	     0.97372565
  1056.05200650	     0.98483225
  1056.54456807	     0.99290677
  1057.03712964	     0.99797627
  1057.52969122	     1.00000000
  1058.02225278	     0.99887752
  1058.51481435	     0.99447457
  1059.00737592	     0.98666236
  1059.49993750	     0.97536235
  1059.99249906	     0.96058694
  1060.48506063	     0.94246698
  1060.97762220	     0.92126019
  1061.47018377	     0.89733891
  1061.96274535	     0.87116063
  1062.45530691	     0.84322816
  1062.94786848	     0.81404772
  1063.44043005	     0.78409224
  1063.93299163	     0.75377501
  1064.42555319	     0.72343557
  1064.91811476	     0.69333735
  1065.41067633	     0.66367451
  1065.90323791	     0.63458453
  1066.39579948	     0.60616332
  1066.88836104	     0.57847975
  1067.38092261	     0.55158776
  1067.87348419	     0.52553512
  1068.36604576	     0.50036842
  1068.85860733	     0.47613504
  1069.35116889	     0.45288250
  1069.84373047	     0.43065636
  1070.33629204	     0.40949738
  1070.82885361	     0.38943872
  1071.32141517	     0.37050382
  1071.81397674	     0.35270516
  1072.30653832	     0.33604405
  1072.79909989	     0.32051122
  1073.29166146	     0.30608820
  1073.78422302	     0.29274896
  1074.27678460	     0.28046174
  1074.76934617	     0.26919080
  1075.26190774	     0.25889799
  1075.75446930	     0.24954395
  1076.24703088	     0.24108901
  1076.73959245	     0.23349373
  1077.23215402	     0.22671897
  1077.72471559	     0.22072571
  1078.21727716	     0.21547435
  1078.70983873	     0.21092374
  1079.20240030	     0.20702981
  1079.69496187	     0.20374382
  1080.18752344	     0.20101044
  1080.68008501	     0.19876560
  1081.17264658	     0.19693448
  1081.66520815	     0.19542987
  1082.15776972	     0.19415141
  1082.65033129	     0.19298622
  1083.14289286	     0.19181144
  1083.63545443	     0.19049927
  1084.12801600	     0.18892453
  1084.62057758	     0.18697434
  1085.11313914	     0.18455885
  1085.60570071	     0.18162127
  1086.09826228	     0.17814473
  1086.59082386	     0.17415399
  1087.08338542	     0.16971050
  1087.57594699	     0.16490077
  1088.06850856	     0.15981972
  1088.56107014	     0.15455202
  1089.05363171	     0.14915535
  1089.54619327	     0.14364910
  1090.03875484	     0.13801128
  1090.53131642	     0.13218453
  1091.02387799	     0.12609036
  1091.51643955	     0.11964897
  1092.00900112	     0.11280115
  1092.50156270	     0.10552807
  1092.99412427	     0.09786567
  1093.48668584	     0.08991102
  1093.97924740	     0.08181982
  1094.47180897	     0.07379541
  1094.96437055	     0.06607117
  1095.45693212	     0.05888901
  1095.94949368	     0.05247706
  1096.44205525	     0.04702972
  1096.93461683	     0.04269232
  1097.42717840	     0.03955180
  1097.91973997	     0.03763364
  1098.41230153	     0.03690426
  1098.90486311	     0.03727777
  1099.39742468	     0.03862535
  1099.88998625	     0.04078627
  1100.38254782	     0.04357918
  1100.87510939	     0.04681326
  1101.36767096	     0.05029866
  1101.86023253	     0.05385590
  1102.35279410	     0.05732402
  1102.84535567	     0.06056697
  1103.33791724	     0.06347796
  1103.83047881	     0.06598131
  1104.32304038	     0.06803208
  1104.81560195	     0.06961361
  1105.30816352	     0.07073384
  1105.80072509	     0.07142111
  1106.29328666	     0.07172022
  1106.78584823	     0.07168908
  1107.27840980	     0.07139584
  1107.77097137	     0.07091622
  1108.26353294	     0.07033040
  1108.75609451	     0.06971919
  1109.24865609	     0.06915928
  1109.74121765	     0.06871778
  1110.23377922	     0.06844677
  1110.72634079	     0.06837843
  1111.21890237	     0.06852181
  1111.71146394	     0.06886168
  1112.20402550	     0.06935990
  1112.69658707	     0.06995925
  1113.18914865	     0.07058929
  1113.68171022	     0.07117349
  1114.17427178	     0.07163689
  1114.66683335	     0.07191316
  1115.15939492	     0.07195047
  1115.65195650	     0.07171525
  1116.14451807	     0.07119385
  1116.63707963	     0.07039188
  1117.12964120	     0.06933186
  1117.62220278	     0.06804959
  1118.11476435	     0.06659000
  1118.60732591	     0.06500293
  1119.09988748	     0.06333946
  1119.59244906	     0.06164878
  1120.08501063	     0.05997591
  1120.57757220	     0.05836015
  1121.07013376	     0.05683409
  1121.56269534	     0.05542319
  1122.05525691	     0.05414563
  1122.54781848	     0.05301228
  1123.04038004	     0.05202674
  1123.53294162	     0.05118526
  1124.02550319	     0.05047651
  1124.51806476	     0.04988118
  1125.01062633	     0.04937154
  1125.50318789	     0.04891095
  1125.99574947	     0.04845358
  1126.48831104	     0.04794450
  1126.98087261	     0.04732040
  1127.47343418	     0.04651115
  1127.96599575	     0.04544225
  1128.45855732	     0.04403817
  1128.95111889	     0.04222632
  1129.44368046	     0.03994096
  1129.93624203	     0.03712673
  1130.42880360	     0.03374080
  1130.92136517	     0.02975351
  1131.41392674	     0.02514745
  1131.90648832	     0.01991537
  1132.39904988	     0.01405792
  1132.89161145	     0.00758198
  1133.38417302	     0.00050067
  1133.87673460	    -0.00716478
  1134.36929616	    -0.01538145
  1134.86185773	    -0.02409995
  1135.35441930	    -0.03324974
  1135.84698087	    -0.04273542
  1136.33954245	    -0.05243506
  1136.83210401	    -0.06220104
  1137.32466558	    -0.07186346
  1137.81722715	    -0.08123593
  1138.30978873	    -0.09012321
  1138.80235029	    -0.09833019
  1139.29491186	    -0.10567153
  1139.78747343	    -0.11198136
  1140.28003501	    -0.11712226
  1140.77259658	    -0.12099273
  1141.26515814	    -0.12353238
  1141.75771971	    -0.12472428
  1142.25028129	    -0.12459440
  1142.74284286	    -0.12320821
  1143.23540443	    -0.12066526
  1143.72796599	    -0.11709227
  1144.22052757	    -0.11263562
  1144.71308914	    -0.10745378
  1145.20565071	    -0.10171006
  1145.69821227	    -0.09556626
  1146.19077384	    -0.08917740
  1146.68333542	    -0.08268774
  1147.17589699	    -0.07622818
  1147.66845856	    -0.06991481
  1148.16102012	    -0.06384824
  1148.65358170	    -0.05811318
  1149.14614327	    -0.05277808
  1149.63870484	    -0.04789432
  1150.13126640	    -0.04349517
  1150.62382798	    -0.03959455
  1151.11638955	    -0.03618611
  1151.60895112	    -0.03324300
  1152.10151269	    -0.03071869
  1152.59407426	    -0.02854893
  1153.08663583	    -0.02665478
  1153.57919740	    -0.02494629
  1154.07175897	    -0.02332662
  1154.56432054	    -0.02169619
  1155.05688211	    -0.01995686
  1155.54944368	    -0.01801622
  1156.04200525	    -0.01579229
  1156.53456682	    -0.01321886
  1157.02712839	    -0.01025149
  1157.51968996	    -0.00687383
  1158.01225153	    -0.00310355
  1158.50481310	     0.00100309
  1158.99737468	     0.00534901
  1159.48993624	     0.00979734
  1159.98249781	     0.01417604
  1160.47505938	     0.01828614
  1160.96762096	     0.02191314
  1161.46018252	     0.02484075
  1161.95274409	     0.02686592
  1162.44530566	     0.02781369
  1162.93786724	     0.02755039
  1163.43042881	     0.02599329
  1163.92299037	     0.02311552
  1164.41555194	     0.01894530
  1164.90811352	     0.01355973
  1165.40067509	     0.00707418
  1165.89323665	    -0.00037079
  1166.38579822	    -0.00862323
  1166.87835979	    -0.01753236
  1167.37092137	    -0.02695906
  1167.86348294	    -0.03678355
  1168.35604450	    -0.04691056
  1168.84860607	    -0.05727213
  1169.34116765	    -0.06782843
  1169.83372922	    -0.07856699
  1170.32629078	    -0.08950072
  1170.81885235	    -0.10066475
  1171.31141393	    -0.11211270
  1171.80397550	    -0.12391252
  1172.29653707	    -0.13614228
  1172.78909863	    -0.14888619
  1173.28166021	    -0.16223092
  1173.77422178	    -0.17626228
  1174.26678335	    -0.19106219
  1174.75934492	    -0.20670569
  1175.25190649	    -0.22325771
  1175.74446806	    -0.24076951
  1176.23702963	    -0.25927430
  1176.72959120	    -0.27878200
  1177.22215276	    -0.29927264
  1177.71471434	    -0.32068831
  1178.20727591	    -0.34292336
  1178.69983748	    -0.36581289
  1179.19239905	    -0.38911991
  1179.68496062	    -0.41252226
  1180.17752219	    -0.43560163
  1180.67008376	    -0.45783779
  1181.16264533	    -0.47861239
  1181.65520690	    -0.49722622
  1182.14776847	    -0.51293253
  1182.64033004	    -0.52498593
  1183.13289161	    -0.53270236
  1183.62545319	    -0.53552171
  1184.11801475	    -0.53306231
  1184.61057632	    -0.52515694
  1185.10313789	    -0.51186330
  1185.59569947	    -0.49344744
  1186.08826103	    -0.47034439
  1186.58082260	    -0.44310452
  1187.07338417	    -0.41233600
  1187.56594574	    -0.37865243
  1188.05850732	    -0.34263205
  1188.55106888	    -0.30479129
  1189.04363045	    -0.26557258
  1189.53619202	    -0.22534396
  1190.02875360	    -0.18440734
  1190.52131517	    -0.14301182
  1191.01387673	    -0.10136930
  1191.50643830	    -0.05966987
  1191.99899988	    -0.01809586
  1192.49156145	     0.02316654
  1192.98412301	     0.06391785
  1193.47668458	     0.10393824
  1193.96924616	     0.14298198
  1194.46180773	     0.18077302
  1194.95436930	     0.21700092
  1195.44693086	     0.25131718
  1195.93949244	     0.28333253
  1196.43205401	     0.31261721
  1196.92461558	     0.33870708
  1197.41717714	     0.36111878
  1197.90973872	     0.37937576
  1198.40230029	     0.39304440
  1198.89486186	     0.40177615
  1199.38742343	     0.40534846
  1199.87998499	     0.40369646
  1200.37254657	     0.39692895
  1200.86510814	     0.38532570
  1201.35766971	     0.36931790
  1201.85023127	     0.34945667
  1202.34279285	     0.32637648
  1202.83535442	     0.30075876
  1203.32791599	     0.27329892
  1203.82047756	     0.24467732
  1204.31303913	     0.21553290
  1204.80560070	     0.18643855
  1205.29816227	     0.15787834
  1205.79072384	     0.13022848
  1206.28328542	     0.10374504
  1206.77584698	     0.07856132
  1207.26840855	     0.05469601
  1207.76097012	     0.03207163
  1208.25353169	     0.01054031
  1208.74609326	    -0.01008707
  1209.23865483	    -0.03001235
  1209.73121640	    -0.04942560
  1210.22377797	    -0.06848672
  1210.71633955	    -0.08731339
  1211.20890111	    -0.10597480
  1211.70146268	    -0.12448956
  1212.19402425	    -0.14282607
  1212.68658583	    -0.16090446
  1213.17914739	    -0.17859979
  1213.67170896	    -0.19574696
  1214.16427053	    -0.21214817
  1214.65683211	    -0.22758298
  1215.14939368	    -0.24182047
  1215.64195524	    -0.25463183
  1216.13451681	    -0.26580128
  1216.62707839	    -0.27513353
  1217.11963996	    -0.28245713
  1217.61220152	    -0.28762460
  1218.10476309	    -0.29051150
  1218.59732467	    -0.29101705
  1219.08988624	    -0.28906829
  1219.58244781	    -0.28462813
  1220.07500937	    -0.27770548
  1220.56757094	    -0.26836475
  1221.06013252	    -0.25673103
  1221.55269409	    -0.24298891
  1222.04525566	    -0.22737406
  1222.53781722	    -0.21015902
  1223.03037880	    -0.19163562
  1223.52294037	    -0.17209697
  1224.01550194	    -0.15182147
  1224.50806350	    -0.13106049
  1225.00062508	    -0.11003019
  1225.49318665	    -0.08890725
  1225.98574822	    -0.06782805
  1226.47830979	    -0.04689017
  1226.97087136	    -0.02615603
  1227.46343293	    -0.00565792
  1227.95599450	     0.01459566
  1228.44855607	     0.03461265
  1228.94111764	     0.05440936
  1229.43367921	     0.07400206
  1229.92624078	     0.09339906
  1230.41880235	     0.11259409
  1230.91136392	     0.13156204
  1231.40392549	     0.15025826
  1231.89648706	     0.16862200
  1232.38904863	     0.18658430
  1232.88161020	     0.20407968
  1233.37417177	     0.22105997
  1233.86673334	     0.23750802
  1234.35929491	     0.25344874
  1234.85185648	     0.26895502
  1235.34441806	     0.28414722
  1235.83697962	     0.29918608
  1236.32954119	     0.31426030
  1236.82210276	     0.32957066
  1237.31466434	     0.34531315
  1237.80722591	     0.36166283
  1238.29978747	     0.37875951
  1238.79234904	     0.39669539
  1239.28491062	     0.41550408
  1239.77747219	     0.43515041
  1240.27003375	     0.45552069
  1240.76259532	     0.47641388
  1241.25515689	     0.49753486
  1241.74771847	     0.51849210
  1242.24028004	     0.53880229
  1242.73284160	     0.55790473
  1243.22540317	     0.57518724
  1243.71796475	     0.59002389
  1244.21052632	     0.60182202
  1244.70308788	     0.61007345
  1245.19564945	     0.61440244
  1245.68821103	     0.61460199
  1246.18077260	     0.61065188
  1246.67333417	     0.60271504
  1247.16589573	     0.59111327
  1247.65845731	     0.57628803
  1248.15101888	     0.55875358
  1248.64358045	     0.53905085
  1249.13614201	     0.51770794
  1249.62870359	     0.49521093
  1250.12126516	     0.47198577
  1250.61382673	     0.44839027
  1251.10638830	     0.42471395
  1251.59894986	     0.40118353
  1252.09151144	     0.37797164
  1252.58407301	     0.35520694
  1253.07663458	     0.33298399
  1253.56919615	     0.31137170
  1254.06175772	     0.29041941
  1254.55431929	     0.27016033
  1255.04688086	     0.25061236
  1255.53944243	     0.23177688
  1256.03200400	     0.21363666
  1256.52456557	     0.19615395
  1257.01712714	     0.17927014
  1257.50968871	     0.16290758
  1258.00225029	     0.14697411
  1258.49481185	     0.13136979
  1258.98737342	     0.11599489
  1259.47993499	     0.10075774
  1259.97249657	     0.08558094
  1260.46505813	     0.07040480
  1260.95761970	     0.05518738
  1261.45018127	     0.03990145
  1261.94274284	     0.02452907
  1262.43530442	     0.00905530
  1262.92786598	    -0.00653783
  1263.42042755	    -0.02227588
  1263.91298912	    -0.03819440
  1264.40555070	    -0.05433919
  1264.89811227	    -0.07076441
  1265.39067383	    -0.08752919
  1265.88323540	    -0.10469303
  1266.37579698	    -0.12231063
  1266.86835855	    -0.14042631
  1267.36092011	    -0.15906821
  1267.85348168	    -0.17824224
  1268.34604326	    -0.19792574
  1268.83860483	    -0.21806077
  1269.33116640	    -0.23854722
  1269.82372796	    -0.25923630
  1270.31628954	    -0.27992534
  1270.80885111	    -0.30035527
  1271.30141268	    -0.32021248
  1271.79397424	    -0.33913635
  1272.28653581	    -0.35673340
  1272.77909739	    -0.37259811
  1273.27165896	    -0.38633911
  1273.76422053	    -0.39760847
  1274.25678209	    -0.40613047
  1274.74934367	    -0.41172625
  1275.24190524	    -0.41433029
  1275.73446681	    -0.41399631
  1276.22702837	    -0.41089147
  1276.71958995	    -0.40528009
  1277.21215152	    -0.39749954
  1277.70471309	    -0.38793247
  1278.19727466	    -0.37697920
  1278.68983623	    -0.36503371
  1279.18239780	    -0.35246521
  1279.67495937	    -0.33960594
  1280.16752094	    -0.32674474
  1280.66008252	    -0.31412520
  1281.15264408	    -0.30194705
  1281.64520565	    -0.29036944
  1282.13776722	    -0.27951509
  1282.63032879	    -0.26947480
  1283.12289036	    -0.26031167
  1283.61545193	    -0.25206503
  1284.10801350	    -0.24475381
  1284.60057507	    -0.23837926
  1285.09313665	    -0.23292702
  1285.58569821	    -0.22836843
  1286.07825978	    -0.22466121
  1286.57082135	    -0.22174936
  1287.06338293	    -0.21956276
  1287.55594449	    -0.21801650
  1288.04850606	    -0.21701043
  1288.54106763	    -0.21642947
  1289.03362921	    -0.21614525
  1289.52619078	    -0.21601958
  1290.01875234	    -0.21591025
  1290.51131391	    -0.21567913
  1291.00387549	    -0.21520215
  1291.49643706	    -0.21438004
  1291.98899862	    -0.21314818
  1292.48156019	    -0.21148391
  1292.97412176	    -0.20940963
  1293.46668334	    -0.20699086
  1293.95924491	    -0.20432954
  1294.45180647	    -0.20155355
  1294.94436804	    -0.19880437
  1295.43692962	    -0.19622474
  1295.92949119	    -0.19394820
  1296.42205276	    -0.19209130
  1296.91461432	    -0.19074917
  1297.40717590	    -0.18999397
  1297.89973747	    -0.18987568
  1298.39229904	    -0.19042421
  1298.88486060	    -0.19165204
  1299.37742218	    -0.19355669
  1299.86998375	    -0.19612251
  1300.36254532	    -0.19932149
  1300.85510689	    -0.20311331
  1301.34766846	    -0.20744453
  1301.84023003	    -0.21224757
  1302.33279160	    -0.21743970
  1302.82535317	    -0.22292298
  1303.31791473	    -0.22858551
  1303.81047631	    -0.23430479
  1304.30303788	    -0.23995348
  1304.79559945	    -0.24540750
  1305.28816102	    -0.25055589
  1305.78072259	    -0.25531122
  1306.27328416	    -0.25961887
  1306.76584573	    -0.26346379
  1307.25840730	    -0.26687323
  1307.75096887	    -0.26991528
  1308.24353044	    -0.27269337
  1308.73609201	    -0.27533810
  1309.22865358	    -0.27799764
  1309.72121516	    -0.28082798
  1310.21377672	    -0.28398408
  1310.70633829	    -0.28761213
  1311.19889986	    -0.29184301
  1311.69146144	    -0.29678685
  1312.18402301	    -0.30252847
  1312.67658457	    -0.30912377
  1313.16914614	    -0.31659715
  1313.66170771	    -0.32494023
  1314.15426929	    -0.33411196
  1314.64683085	    -0.34404007
  1315.13939242	    -0.35462354
  1315.63195399	    -0.36573558
  1316.12451557	    -0.37722631
  1316.61707714	    -0.38892484
  1317.10963870	    -0.40064035
  1317.60220027	    -0.41216313
  1318.09476185	    -0.42326639
  1318.58732342	    -0.43371075
  1319.07988498	    -0.44325261
  1319.57244655	    -0.45165705
  1320.06500813	    -0.45871446
  1320.55756970	    -0.46425860
  1321.05013127	    -0.46818272
  1321.54269283	    -0.47045024
  1322.03525441	    -0.47109746
  1322.52781598	    -0.47022740
  1323.02037755	    -0.46799596
  1323.51293911	    -0.46459319
  1324.00550069	    -0.46022289
  1324.49806226	    -0.45508365
  1324.99062383	    -0.44935342
  1325.48318540	    -0.44317858
  1325.97574696	    -0.43666742
  1326.46830854	    -0.42988738
  1326.96087011	    -0.42286522
  1327.45343168	    -0.41558961
  1327.94599325	    -0.40801573
  1328.43855482	    -0.40007215
  1328.93111639	    -0.39166987
  1329.42367796	    -0.38271348
  1329.91623953	    -0.37311392
  1330.40880110	    -0.36280169
  1330.90136267	    -0.35173929
  1331.39392424	    -0.33993150
  1331.88648581	    -0.32743245
  1332.37904739	    -0.31434838
  1332.87160895	    -0.30083551
  1333.36417052	    -0.28709256
  1333.85673209	    -0.27334765
  1334.34929366	    -0.25984039
  1334.84185523	    -0.24680045
  1335.33441680	    -0.23442514
  1335.82697837	    -0.22285888
  1336.31953994	    -0.21217777
  1336.81210152	    -0.20238160
  1337.30466308	    -0.19339481
  1337.79722465	    -0.18507647
  1338.28978622	    -0.17723804
  1338.78234780	    -0.16966660
  1339.27490936	    -0.16215038
  1339.76747093	    -0.15450302
  1340.26003250	    -0.14658310
  1340.75259408	    -0.13830626
  1341.24515565	    -0.12964863
  1341.73771721	    -0.12064170
  1342.23027878	    -0.11136070
  1342.72284036	    -0.10190920
  1343.21540193	    -0.09240328
  1343.70796350	    -0.08295789
  1344.20052506	    -0.07367723
  1344.69308664	    -0.06464960
  1345.18564821	    -0.05594634
  1345.67820978	    -0.04762370
  1346.17077134	    -0.03972647
  1346.66333291	    -0.03229183
  1347.15589449	    -0.02535279
  1347.64845606	    -0.01894020
  1348.14101763	    -0.01308333
  1348.63357919	    -0.00780869
  1349.12614077	    -0.00313742
  1349.61870234	     0.00091848
  1350.11126391	     0.00436047
  1350.60382547	     0.00720797
  1351.09638705	     0.00950206
  1351.58894862	     0.01130807
  1352.08151019	     0.01271619
  1352.57407176	     0.01383988
  1353.06663333	     0.01481184
  1353.55919490	     0.01577766
  1354.05175647	     0.01688759
  1354.54431804	     0.01828726
  1355.03687961	     0.02010844
  1355.52944118	     0.02246097
  1356.02200275	     0.02542718
  1356.51456432	     0.02905929
  1357.00712589	     0.03338018
  1357.49968746	     0.03838670
  1357.99224903	     0.04405442
  1358.48481060	     0.05034224
  1358.97737217	     0.05719565
  1359.46993375	     0.06454794
  1359.96249531	     0.07231961
  1360.45505688	     0.08041682
  1360.94761845	     0.08872979
  1361.44018003	     0.09713235
  1361.93274159	     0.10548308
  1362.42530316	     0.11362833
  1362.91786473	     0.12140735
  1363.41042631	     0.12865914
  1363.90298788	     0.13523117
  1364.39554944	     0.14098934
  1364.88811101	     0.14582854
  1365.38067259	     0.14968248
  1365.87323416	     0.15253143
  1366.36579572	     0.15440624
  1366.85835729	     0.15538763
  1367.35091886	     0.15560078
  1367.84348044	     0.15520548
  1368.33604201	     0.15438357
  1368.82860357	     0.15332502
  1369.32116514	     0.15221435
  1369.81372672	     0.15121881
  1370.30628829	     0.15047897
  1370.79884985	     0.15010257
  1371.29141142	     0.15016155
  1371.78397300	     0.15069220
  1372.27653457	     0.15169783
  1372.76909614	     0.15315364
  1373.26165770	     0.15501278
  1373.75421928	     0.15721318
  1374.24678085	     0.15968437
  1374.73934242	     0.16235381
  1375.23190399	     0.16515199
  1375.72446556	     0.16801610
  1376.21702713	     0.17089177
  1376.70958870	     0.17373316
  1377.20215027	     0.17650151
  1377.69471183	     0.17916272
  1378.18727341	     0.18168466
  1378.67983498	     0.18403474
  1379.17239655	     0.18617816
  1379.66495812	     0.18807720
  1380.15751969	     0.18969139
  1380.65008126	     0.19097829
  1381.14264283	     0.19189476
  1381.63520440	     0.19239813
  1382.12776597	     0.19244757
  1382.62032754	     0.19200561
  1383.11288911	     0.19104038
  1383.60545068	     0.18952859
  1384.09801226	     0.18745933
  1384.59057382	     0.18483792
  1385.08313539	     0.18168892
  1385.57569696	     0.17805733
  1386.06825854	     0.17400719
  1386.56082010	     0.16961766
  1387.05338167	     0.16497696
  1387.54594324	     0.16017532
  1388.03850481	     0.15529812
  1388.53106639	     0.15042015
  1389.02362795	     0.14560173
  1389.51618952	     0.14088693
  1390.00875109	     0.13630390
  1390.50131267	     0.13186678
  1390.99387424	     0.12757901
  1391.48643580	     0.12343725
  1391.97899737	     0.11943541
  1392.47155895	     0.11556831
  1392.96412052	     0.11183440
  1393.45668208	     0.10823734
  1393.94924365	     0.10478661
  1394.44180523	     0.10149722
  1394.93436680	     0.09838921
  1395.42692837	     0.09548724
  1395.91948993	     0.09282060
  1396.41205151	     0.09042366
  1396.90461308	     0.08833634
  1397.39717465	     0.08660406
  1397.88973621	     0.08527653
  1398.38229778	     0.08440480
  1398.87485936	     0.08403662
  1399.36742093	     0.08421031
  1399.85998250	     0.08494796
  1400.35254406	     0.08624897
  1400.84510564	     0.08808482
  1401.33766721	     0.09039608
  1401.83022878	     0.09309198
  1402.32279034	     0.09605298
  1402.81535192	     0.09913618
  1403.30791349	     0.10218350
  1403.80047506	     0.10503196
  1404.29303663	     0.10752503
  1404.78559820	     0.10952374
  1405.27815977	     0.11091566
  1405.77072134	     0.11162043
  1406.26328291	     0.11159084
  1406.75584449	     0.11080978
  1407.24840605	     0.10928404
  1407.74096762	     0.10703673
  1408.23352919	     0.10410024
  1408.72609076	     0.10051109
  1409.21865233	     0.09630714
  1409.71121390	     0.09152722
  1410.20377547	     0.08621208
  1410.69633704	     0.08040562
  1411.18889862	     0.07415555
  1411.68146018	     0.06751268
  1412.17402175	     0.06052899
  1412.66658332	     0.05325490
  1413.15914490	     0.04573643
  1413.65170646	     0.03801283
  1414.14426803	     0.03011530
  1414.63682960	     0.02206676
  1415.12939118	     0.01388262
  1415.62195275	     0.00557229
  1416.11451431	    -0.00285882
  1416.60707588	    -0.01140693
  1417.09963746	    -0.02006730
  1417.59219903	    -0.02883139
  1418.08476060	    -0.03768370
  1418.57732216	    -0.04659845
  1419.06988373	    -0.05553608
  1419.56244531	    -0.06443994
  1420.05500688	    -0.07323355
  1420.54756844	    -0.08181900
  1421.04013001	    -0.09007719
  1421.53269159	    -0.09787060
  1422.02525316	    -0.10504910
  1422.51781473	    -0.11145902
  1423.01037629	    -0.11695481
  1423.50293787	    -0.12141237
  1423.99549944	    -0.12474190
  1424.48806101	    -0.12689837
  1424.98062257	    -0.12788758
  1425.47318415	    -0.12776658
  1425.96574572	    -0.12663857
  1426.45830729	    -0.12464323
  1426.95086886	    -0.12194435
  1427.44343043	    -0.11871677
  1427.93599200	    -0.11513459
  1428.42855357	    -0.11136172
  1428.92111514	    -0.10754532
  1429.41367670	    -0.10381205
  1429.90623828	    -0.10026661
  1430.39879985	    -0.09699182
  1430.89136142	    -0.09404956
  1431.38392299	    -0.09148188
  1431.87648456	    -0.08931172
  1432.36904613	    -0.08754318
  1432.86160770	    -0.08616095
  1433.35416927	    -0.08512947
  1433.84673085	    -0.08439201
  1434.33929241	    -0.08387047
  1434.83185398	    -0.08346663
  1435.32441555	    -0.08306549
  1435.81697713	    -0.08254115
  1436.30953869	    -0.08176508
  1436.80210026	    -0.08061627
  1437.29466183	    -0.07899201
  1437.78722341	    -0.07681779
  1438.27978498	    -0.07405477
  1438.77234654	    -0.07070378
  1439.26490811	    -0.06680503
  1439.75746968	    -0.06243407
  1440.25003126	    -0.05769462
  1440.74259282	    -0.05270964
  1441.23515439	    -0.04761166
  1441.72771596	    -0.04253338
  1442.22027754	    -0.03759909
  1442.71283911	    -0.03291712
  1443.20540067	    -0.02857380
  1443.69796224	    -0.02462899
  1444.19052382	    -0.02111378
  1444.68308539	    -0.01803066
  1445.17564695	    -0.01535630
  1445.66820852	    -0.01304670
  1446.16077010	    -0.01104402
  1446.65333167	    -0.00928395
  1447.14589324	    -0.00770254
  1447.63845480	    -0.00624159
  1448.13101638	    -0.00485203
  1448.62357795	    -0.00349530
  1449.11613952	    -0.00214312
  1449.60870109	    -0.00077618
  1450.10126266	     0.00061763
  1450.59382423	     0.00204497
  1451.08638580	     0.00350842
  1451.57894737	     0.00500735
  1452.07150893	     0.00653831
  1452.56407051	     0.00809482
  1453.05663208	     0.00966698
  1453.54919365	     0.01124090
  1454.04175522	     0.01279818
  1454.53431679	     0.01431591
  1455.02687836	     0.01576716
  1455.51943993	     0.01712237
  1456.01200150	     0.01835153
  1456.50456307	     0.01942705
  1456.99712464	     0.02032674
  1457.48968621	     0.02103661
  1457.98224778	     0.02155260
  1458.47480936	     0.02188117
  1458.96737092	     0.02203851
  1459.45993249	     0.02204860
  1459.95249406	     0.02194069
  1460.44505563	     0.02174669
  1460.93761720	     0.02149887
  1461.43017877	     0.02122832
  1461.92274034	     0.02096405
  1462.41530191	     0.02073287
  1462.90786349	     0.02055982
  1463.40042505	     0.02046898
  1463.89298662	     0.02048458
  1464.38554819	     0.02063204
  1464.87810977	     0.02093915
  1465.37067134	     0.02143683
  1465.86323290	     0.02215972
  1466.35579447	     0.02314612
  1466.84835605	     0.02443734
  1467.34091762	     0.02607609
  1467.83347918	     0.02810402
  1468.32604075	     0.03055834
  1468.81860233	     0.03346759
  1469.31116390	     0.03684716
  1469.80372547	     0.04069492
  1470.29628703	     0.04498772
  1470.78884861	     0.04967960
  1471.28141018	     0.05470228
  1471.77397175	     0.05996854
  1472.26653331	     0.06537819
  1472.75909488	     0.07082634
  1473.25165646	     0.07621220
  1473.74421803	     0.08144699
  1474.23677960	     0.08645876
  1474.72934116	     0.09119274
  1475.22190274	     0.09560702
  1475.71446431	     0.09966423
  1476.20702588	     0.10332165
  1476.69958744	     0.10652243
  1477.19214902	     0.10919089
  1477.68471059	     0.11123403
  1478.17727216	     0.11254962
  1478.66983373	     0.11303982
  1479.16239530	     0.11262698
  1479.65495687	     0.11126783
  1480.14751844	     0.10896210
  1480.64008001	     0.10575324
  1481.13264159	     0.10172100
  1481.62520315	     0.09696825
  1482.11776472	     0.09160567
  1482.61032629	     0.08573853
  1483.10288786	     0.07945838
  1483.59544943	     0.07284108
  1484.08801100	     0.06595015
  1484.58057257	     0.05884329
  1485.07313414	     0.05157947
  1485.56569572	     0.04422414
  1486.05825728	     0.03685165
  1486.55081885	     0.02954460
  1487.04338042	     0.02239119
  1487.53594200	     0.01548186
  1488.02850356	     0.00890602
  1488.52106513	     0.00274931
  1489.01362670	    -0.00290872
  1489.50618828	    -0.00799737
  1489.99874985	    -0.01245805
  1490.49131141	    -0.01624806
  1490.98387298	    -0.01934421
  1491.47643456	    -0.02174534
  1491.96899613	    -0.02347304
  1492.46155769	    -0.02457010
  1492.95411926	    -0.02509692
  1493.44668083	    -0.02512650
  1493.93924241	    -0.02473882
  1494.43180398	    -0.02401533
  1494.92436554	    -0.02303436
  1495.41692711	    -0.02186759
  1495.90948869	    -0.02057787
  1496.40205026	    -0.01921817
  1496.89461183	    -0.01783150
  1497.38717339	    -0.01645147
  1497.87973497	    -0.01510336
  1498.37229654	    -0.01380525
  1498.86485811	    -0.01256935
  1499.35741967	    -0.01140316
  1499.84998125	    -0.01031049
  1500.34254282	    -0.00929242
  1500.83510439	    -0.00834804
  1501.32766596	    -0.00747498
  1501.82022753	    -0.00666999
  1502.31278910	    -0.00592919
  1502.80535067	    -0.00524840
  1503.29791224	    -0.00462331
  1503.79047380	    -0.00404962
  1504.28303538	    -0.00352316
  1504.77559695	    -0.00303991
  1505.26815852	    -0.00259606
  1505.76072009	    -0.00218804
  1506.25328166	    -0.00181252
  1506.74584323	    -0.00146640
  1507.23840480	    -0.00114683
  1507.73096637	    -0.00085117
  1508.22352794	    -0.00057701
  1508.71608951	    -0.00032217
  1509.20865108	    -0.00008466
  1509.70121265	     0.00013729
  1510.19377423	     0.00034523
  1510.68633579	     0.00054044
  1511.17889736	     0.00072399
  1511.67145893	     0.00089657
  1512.16402051	     0.00105857
  1512.65658208	     0.00120986
  1513.14914364	     0.00134982
  1513.64170521	     0.00147708
  1514.13426678	     0.00158944
  1514.62682836	     0.00168368
  1515.11938992	     0.00175527
  1515.61195149	     0.00179822
  1516.10451306	     0.00180485
  1516.59707464	     0.00176563
  1517.08963621	     0.00166917
  1517.58219777	     0.00150237
  1518.07475934	     0.00125090
  1518.56732092	     0.00090001
  1519.05988249	     0.00043582
  1519.55244405	    -0.00015300
  1520.04500562	    -0.00087320
  1520.53756720	    -0.00172487
  1521.03012877	    -0.00269964
  1521.52269034	    -0.00377958
  1522.01525190	    -0.00493727
  1522.50781348	    -0.00613708
  1523.00037505	    -0.00733782
  1523.49293662	    -0.00849623
  1523.98549818	    -0.00957073
  1524.47805975	    -0.01052479
  1524.97062133	    -0.01132925
  1525.46318290	    -0.01196353
  1525.95574447	    -0.01241562
  1526.44830603	    -0.01268130
  1526.94086761	    -0.01276308
  1527.43342918	    -0.01266910
  1527.92599075	    -0.01241211
  1528.41855232	    -0.01200867
  1528.91111389	    -0.01147814
  1529.40367546	    -0.01084174
  1529.89623703	    -0.01012141
  1530.38879860	    -0.00933869
  1530.88136017	    -0.00851376
  1531.37392174	    -0.00766466
  1531.86648331	    -0.00680683
  1532.35904488	    -0.00595292
  1532.85160646	    -0.00511279
  1533.34416802	    -0.00429378
  1533.83672959	    -0.00350096
  1534.32929116	    -0.00273752
  1534.82185273	    -0.00200512
  1535.31441430	    -0.00130422
  1535.80697587	    -0.00063437
  1536.29953744	     0.00000554
  1536.79209901	     0.00061708
  1537.28466059	     0.00120213
  1537.77722215	     0.00176275
  1538.26978372	     0.00230110
  1538.76234529	     0.00281935
  1539.25490687	     0.00331968
  1539.74746843	     0.00380419
  1540.24003000	     0.00427494
  1540.73259157	     0.00473390
  1541.22515315	     0.00518294
  1541.71771472	     0.00562387
  1542.21027628	     0.00605841
  1542.70283785	     0.00648820
  1543.19539943	     0.00691481
  1543.68796100	     0.00733977
  1544.18052257	     0.00776452
  1544.67308413	     0.00819050
  1545.16564570	     0.00861907
  1545.65820728	     0.00905161
  1546.15076885	     0.00948945
  1546.64333041	     0.00993392
  1547.13589198	     0.01038635
  1547.62845356	     0.01084808
  1548.12101513	     0.01132047
  1548.61357670	     0.01180490
  1549.10613826	     0.01230280
  1549.59869984	     0.01281562
  1550.09126141	     0.01334489
  1550.58382298	     0.01389218
  1551.07638454	     0.01445915
  1551.56894612	     0.01504754
  1552.06150769	     0.01565919
  1552.55406926	     0.01629605
  1553.04663083	     0.01696018
  1553.53919240	     0.01765378
  1554.03175397	     0.01837923
  1554.52431554	     0.01913903
  1555.01687711	     0.01993592
  1555.50943867	     0.02077280
  1556.00200025	     0.02165284
  1556.49456182	     0.02257943
  1556.98712339	     0.02355626
  1557.47968496	     0.02458734
  1557.97224653	     0.02567698
  1558.46480810	     0.02682991
  1558.95736967	     0.02805124
  1559.44993124	     0.02934655
  1559.94249282	     0.03072192
  1560.43505438	     0.03218398
  1560.92761595	     0.03373995
  1561.42017752	     0.03539772
  1561.91273910	     0.03716588
  1562.40530066	     0.03905381
  1562.89786223	     0.04107173
  1563.39042380	     0.04323077
  1563.88298538	     0.04554302
  1564.37554695	     0.04802160
  1564.86810851	     0.05068071
  1565.36067008	     0.05353563
  1565.85323165	     0.05660277
  1566.34579323	     0.05989959
  1566.83835479	     0.06344457
  1567.33091636	     0.06725698
  1567.82347793	     0.07135671
  1568.31603951	     0.07576377
  1568.80860108	     0.08049785
  1569.30116264	     0.08557741
  1569.79372421	     0.09101870
  1570.28628579	     0.09683428
  1570.77884736	     0.10303124
  1571.27140893	     0.10960884
  1571.76397049	     0.11655580
  1572.25653207	     0.12384695
  1572.74909364	     0.13143957
  1573.24165521	     0.13926960
  1573.73421677	     0.14724792
  1574.22677835	     0.15525756
  1574.71933992	     0.16315230
  1575.21190149	     0.17075788
  1575.70446306	     0.17787644
  1576.19702463	     0.18429516
  1576.68958620	     0.18979915
  1577.18214777	     0.19418791
  1577.67470934	     0.19729391
  1578.16727090	     0.19900052
  1578.65983248	     0.19925649
  1579.15239405	     0.19808404
  1579.64495562	     0.19557877
  1580.13751719	     0.19190108
  1580.63007876	     0.18726045
  1581.12264033	     0.18189502
  1581.61520190	     0.17604968
  1582.10776347	     0.16995561
  1582.60032504	     0.16381358
  1583.09288661	     0.15778242
  1583.58544818	     0.15197321
  1584.07800975	     0.14644903
  1584.57057133	     0.14122941
  1585.06313289	     0.13629841
  1585.55569446	     0.13161503
  1586.04825603	     0.12712448
  1586.54081760	     0.12276903
  1587.03337918	     0.11849713
  1587.52594074	     0.11427001
  1588.01850231	     0.11006530
  1588.51106388	     0.10587759
  1589.00362546	     0.10171651
  1589.49618702	     0.09760310
  1589.98874859	     0.09356536
  1590.48131016	     0.08963390
  1590.97387174	     0.08583806
  1591.46643331	     0.08220305
  1591.95899487	     0.07874799
  1592.45155644	     0.07548478
  1592.94411802	     0.07241759
  1593.43667959	     0.06954287
  1593.92924115	     0.06684956
  1594.42180272	     0.06431953
  1594.91436430	     0.06192821
  1595.40692587	     0.05964543
  1595.89948744	     0.05743658
  1596.39204900	     0.05526412
  1596.88461058	     0.05308957
  1597.37717215	     0.05087567
  1597.86973372	     0.04858884
  1598.36229528	     0.04620140
  1598.85485685	     0.04369328
  1599.34741843	     0.04105302
  1599.83998000	     0.03827782
  1600.33254157	     0.03537264
  1600.82510313	     0.03234870
  1601.31766471	     0.02922152
  1601.81022628	     0.02600899
  1602.30278785	     0.02272973
  1602.79534942	     0.01940191
  1603.28791099	     0.01604256
  1603.78047256	     0.01266738
  1604.27303413	     0.00929101
  1604.76559570	     0.00592741
  1605.25815727	     0.00259055
  1605.75071884	    -0.00070512
  1606.24328041	    -0.00394416
  1606.73584198	    -0.00711001
  1607.22840355	    -0.01018520
  1607.72096512	    -0.01315196
  1608.21352669	    -0.01599327
  1608.70608826	    -0.01869413
  1609.19864983	    -0.02124280
  1609.69121140	    -0.02363172
  1610.18377297	    -0.02585772
  1610.67633454	    -0.02792126
  1611.16889611	    -0.02982480
  1611.66145769	    -0.03157048
  1612.15401925	    -0.03315749
  1612.64658082	    -0.03457977
  1613.13914239	    -0.03582442
  1613.63170397	    -0.03687142
  1614.12426553	    -0.03769471
  1614.61682710	    -0.03826469
  1615.10938867	    -0.03855178
  1615.60195025	    -0.03853047
  1616.09451182	    -0.03818325
  1616.58707338	    -0.03750354
  1617.07963495	    -0.03649734
  1617.57219653	    -0.03518318
  1618.06475810	    -0.03359052
  1618.55731967	    -0.03175716
  1619.04988123	    -0.02972592
  1619.54244280	    -0.02754135
  1620.03500438	    -0.02524681
  1620.52756595	    -0.02288214
  1621.02012751	    -0.02048208
  1621.51268908	    -0.01807541
  1622.00525066	    -0.01568468
  1622.49781223	    -0.01332637
  1622.99037380	    -0.01101142
  1623.48293536	    -0.00874585
  1623.97549694	    -0.00653157
  1624.46805851	    -0.00436702
  1624.96062008	    -0.00224790
  1625.45318164	    -0.00016774
  1625.94574322	     0.00188165
  1626.43830479	     0.00390979
  1626.93086636	     0.00592720
  1627.42342793	     0.00794522
  1627.91598950	     0.00997582
  1628.40855107	     0.01203149
  1628.90111264	     0.01412512
  1629.39367421	     0.01626992
  1629.88623577	     0.01847928
  1630.37879735	     0.02076656
  1630.87135892	     0.02314482
  1631.36392049	     0.02562642
  1631.85648206	     0.02822232
  1632.34904363	     0.03094121
  1632.84160520	     0.03378822
  1633.33416677	     0.03676329
  1633.82672834	     0.03985912
  1634.31928992	     0.04305878
  1634.81185148	     0.04633331
  1635.30441305	     0.04963952
  1635.79697462	     0.05291878
  1636.28953620	     0.05609717
  1636.78209776	     0.05908790
  1637.27465933	     0.06179613
  1637.76722090	     0.06412599
  1638.25978248	     0.06598926
  1638.75234405	     0.06731419
  1639.24490561	     0.06805298
  1639.73746718	     0.06818663
  1640.23002875	     0.06772625
  1640.72259033	     0.06671073
  1641.21515189	     0.06520158
  1641.70771346	     0.06327586
  1642.20027503	     0.06101867
  1642.69283661	     0.05851617
  1643.18539818	     0.05584996
  1643.67795974	     0.05309319
  1644.17052131	     0.05030829
  1644.66308289	     0.04754615
  1645.15564446	     0.04484644
  1645.64820602	     0.04223854
  1646.14076759	     0.03974293
  1646.63332917	     0.03737267
  1647.12589074	     0.03513492
  1647.61845231	     0.03303222
  1648.11101387	     0.03106367
  1648.60357545	     0.02922592
  1649.09613702	     0.02751388
  1649.58869859	     0.02592139
  1650.08126016	     0.02444163
  1650.57382172	     0.02306749
  1651.06638330	     0.02179185
  1651.55894487	     0.02060767
  1652.05150644	     0.01950820
  1652.54406800	     0.01848701
  1653.03662958	     0.01753804
  1653.52919115	     0.01665562
  1654.02175272	     0.01583449
  1654.51431429	     0.01506978
  1655.00687586	     0.01435700
  1655.49943743	     0.01369202
  1655.99199900	     0.01307104
  1656.48456057	     0.01249060
  1656.97712214	     0.01194752
  1657.46968371	     0.01143888
  1657.96224528	     0.01096203
  1658.45480685	     0.01051453
  1658.94736843	     0.01009416
  1659.43992999	     0.00969887
  1659.93249156	     0.00932682
  1660.42505313	     0.00897629
  1660.91761470	     0.00864572
  1661.41017627	     0.00833368
  1661.90273784	     0.00803886
  1662.39529941	     0.00776005
  1662.88786098	     0.00749615
  1663.38042256	     0.00724614
  1663.87298412	     0.00700908
  1664.36554569	     0.00678411
  1664.85810726	     0.00657045
  1665.35066884	     0.00636734
  1665.84323041	     0.00617413
  1666.33579197	     0.00599018
  1666.82835354	     0.00581492
  1667.32091512	     0.00564781
  1667.81347669	     0.00548835
  1668.30603825	     0.00533609
  1668.79859982	     0.00519060
  1669.29116140	     0.00505149
  1669.78372297	     0.00491838
  1670.27628454	     0.00479094
  1670.76884610	     0.00466884
  1671.26140767	     0.00455179
  1671.75396925	     0.00443951
  1672.24653082	     0.00433174
  1672.73909238	     0.00422824
  1673.23165395	     0.00412879
  1673.72421553	     0.00403317
  1674.21677710	     0.00394118
  1674.70933867	     0.00385265
  1675.20190023	     0.00376738
  1675.69446181	     0.00368523
  1676.18702338	     0.00360605
  1676.67958495	     0.00352967
  1677.17214651	     0.00345598
  1677.66470809	     0.00338483
  1678.15726966	     0.00331613
  1678.64983123	     0.00324974
  1679.14239280	     0.00318556
  1679.63495437	     0.00312350
  1680.12751594	     0.00306345
  1680.62007751	     0.00300534
  1681.11263908	     0.00294906
  1681.60520065	     0.00289456
  1682.09776222	     0.00284173
  1682.59032379	     0.00279053
  1683.08288536	     0.00274088
  1683.57544693	     0.00269270
  1684.06800850	     0.00264596
  1684.56057007	     0.00260057
  1685.05313164	     0.00255650
  1685.54569321	     0.00251369
  1686.03825479	     0.00247208
  1686.53081635	     0.00243164
  1687.02337792	     0.00239231
  1687.51593949	     0.00235406
  1688.00850107	     0.00231684
  1688.50106263	     0.00228062
  1688.99362420	     0.00224535
  1689.48618577	     0.00221100
  1689.97874735	     0.00217755
  1690.47130892	     0.00214495
  1690.96387048	     0.00211318
  1691.45643205	     0.00208221
  1691.94899362	     0.00205200
  1692.44155520	     0.00202254
  1692.93411676	     0.00199379
  1693.42667833	     0.00196574
  1693.91923990	     0.00193836
  1694.41180148	     0.00191163
  1694.90436305	     0.00188552
  1695.39692461	     0.00186002
  1695.88948618	     0.00183510
  1696.38204776	     0.00181075
  1696.87460933	     0.00178695
  1697.36717090	     0.00176368
  1697.85973246	     0.00174093
  1698.35229404	     0.00171867
  1698.84485561	     0.00169690
  1699.33741718	     0.00167560
  1699.82997874	     0.00165475
  1700.32254032	     0.00163435
  1700.81510189	     0.00161437
  1701.30766346	     0.00159481
  1701.80022503	     0.00157565
  1702.29278659	     0.00155688
  1702.78534817	     0.00153849
  1703.27790974	     0.00152047
  1703.77047131	     0.00150282
  1704.26303287	     0.00148551
  1704.75559445	     0.00146854
  1705.24815602	     0.00145190
  1705.74071759	     0.00143558
  1706.23327916	     0.00141957
  1706.72584073	     0.00140387
  1707.21840230	     0.00138847
  1707.71096387	     0.00137335
  1708.20352544	     0.00135851
  1708.69608701	     0.00134394
  1709.18864858	     0.00132965
  1709.68121015	     0.00131561
  1710.17377172	     0.00130182
  1710.66633330	     0.00128828
  1711.15889486	     0.00127498
  1711.65145643	     0.00126191
  1712.14401800	     0.00124907
  1712.63657957	     0.00123646
  1713.12914115	     0.00122406
  1713.62170271	     0.00121187
  1714.11426428	     0.00119990
  1714.60682585	     0.00118812
  1715.09938743	     0.00117654
  1715.59194899	     0.00116515
  1716.08451056	     0.00115395
  1716.57707213	     0.00114294
  1717.06963371	     0.00113210
  1717.56219528	     0.00112144
  1718.05475684	     0.00111095
  1718.54731841	     0.00110063
  1719.03987999	     0.00109047
  1719.53244156	     0.00108047
  1720.02500312	     0.00107063
  1720.51756469	     0.00106094
  1721.01012627	     0.00105141
  1721.50268784	     0.00104202
  1721.99524941	     0.00103277
  1722.48781097	     0.00102366
  1722.98037255	     0.00101469
  1723.47293412	     0.00100585
  1723.96549569	     0.00099715
  1724.45805725	     0.00098858
  1724.95061882	     0.00098013
  1725.44318040	     0.00097180
  1725.93574197	     0.00096360
  1726.42830354	     0.00095551
  1726.92086510	     0.00094754
  1727.41342668	     0.00093969
  1727.90598825	     0.00093195
  1728.39854982	     0.00092431
  1728.89111139	     0.00091679
  1729.38367296	     0.00090937
  1729.87623453	     0.00090205
  1730.36879610	     0.00089483
  1730.86135767	     0.00088771
  1731.35391924	     0.00088069
  1731.84648081	     0.00087377
  1732.33904238	     0.00086694
  1732.83160395	     0.00086020
  1733.32416552	     0.00085355
  1733.81672709	     0.00084699
  1734.30928866	     0.00084052
  1734.80185023	     0.00083413
  1735.29441180	     0.00082783
  1735.78697337	     0.00082161
  1736.27953494	     0.00081546
  1736.77209651	     0.00080940
  1737.26465808	     0.00080342
  1737.75721966	     0.00079751
  1738.24978122	     0.00079168
  1738.74234279	     0.00078592
  1739.23490436	     0.00078024
  1739.72746594	     0.00077462
  1740.22002751	     0.00076908
  1740.71258907	     0.00076360
  1741.20515064	     0.00075819
  1741.69771222	     0.00075285
  1742.19027379	     0.00074758
  1742.68283535	     0.00074237
  1743.17539692	     0.00073722
  1743.66795850	     0.00073213
  1744.16052007	     0.00072711
  1744.65308164	     0.00072214
  1745.14564320	     0.00071724
  1745.63820477	     0.00071239
  1746.13076635	     0.00070760
  1746.62332792	     0.00070287
  1747.11588948	     0.00069819
  1747.60845105	     0.00069356
  1748.10101263	     0.00068899
  1748.59357420	     0.00068448
  1749.08613577	     0.00068001
  1749.57869733	     0.00067560
  1750.07125891	     0.00067123
  1750.56382048	     0.00066692
  1751.05638205	     0.00066265
  1751.54894361	     0.00065844
  1752.04150519	     0.00065427
  1752.53406676	     0.00065014
  1753.02662833	     0.00064606
  1753.51918990	     0.00064203
  1754.01175147	     0.00063804
  1754.50431304	     0.00063410
  1754.99687461	     0.00063020
  1755.48943618	     0.00062634
  1755.98199775	     0.00062253
  1756.47455932	     0.00061875
  1756.96712089	     0.00061502
  1757.45968246	     0.00061132
  1757.95224403	     0.00060767
  1758.44480560	     0.00060405
  1758.93736717	     0.00060048
  1759.42992874	     0.00059694
  1759.92249031	     0.00059344
  1760.41505189	     0.00058997
  1760.90761345	     0.00058654
  1761.40017502	     0.00058315
  1761.89273659	     0.00057979
  1762.38529817	     0.00057647
  1762.87785973	     0.00057318
  1763.37042130	     0.00056993
  1763.86298287	     0.00056671
  1764.35554445	     0.00056352
  1764.84810602	     0.00056036
  1765.34066758	     0.00055724
  1765.83322915	     0.00055415
  1766.32579072	     0.00055109
  1766.81835230	     0.00054806
  1767.31091386	     0.00054506
  1767.80347543	     0.00054209
  1768.29603700	     0.00053915
  1768.78859858	     0.00053623
  1769.28116015	     0.00053335
  1769.77372171	     0.00053050
  1770.26628328	     0.00052767
  1770.75884486	     0.00052487
  1771.25140643	     0.00052210
  1771.74396800	     0.00051936
  1772.23652956	     0.00051664
  1772.72909114	     0.00051395
  1773.22165271	     0.00051129
  1773.71421428	     0.00050865
  1774.20677584	     0.00050603
  1774.69933742	     0.00050344
  1775.19189899	     0.00050088
  1775.68446056	     0.00049834
  1776.17702213	     0.00049582
  1776.66958369	     0.00049333
  1777.16214527	     0.00049086
  1777.65470684	     0.00048841
  1778.14726841	     0.00048599
  1778.63982997	     0.00048359
  1779.13239155	     0.00048121
  1779.62495312	     0.00047886
  1780.11751469	     0.00047652
  1780.61007626	     0.00047421
