   888.86200000	     0.94769660
   889.83700000	     0.93728815
   891.79100000	     0.92684187
   893.73000000	     0.88528193
   895.67400000	     0.85409440
   897.60000000	     0.78142256
   898.54100000	     0.69841793
   899.50200000	     0.65689761
   900.46200000	     0.61537727
   901.42300000	     0.57385514
   902.35500000	     0.47011105
   903.29600000	     0.38710641
   904.23800000	     0.30410358
   905.18000000	     0.22109895
   906.14000000	     0.17957681
   907.08200000	     0.09657398
   908.02300000	     0.01356934
   908.96500000	    -0.06943349
   909.92500000	    -0.11095563
   910.90400000	    -0.11099344
   911.90700000	    -0.05917813
   911.92600000	    -0.01769383
   912.92400000	     0.02375085
   912.94200000	     0.06523336
   913.96900000	     0.16890180
   914.99000000	     0.26220142
   915.02300000	     0.33479581
   916.03000000	     0.39698174
   916.04900000	     0.43846605
   917.06100000	     0.51102262
   917.08000000	     0.55250512
   918.07800000	     0.59394981
   918.09700000	     0.63543231
   919.09500000	     0.67687700
   919.11400000	     0.71836131
   920.11100000	     0.75980598
   922.10300000	     0.83232473
   923.10100000	     0.87376941
   926.06200000	     0.92550908
   928.03400000	     0.95654531
   931.96000000	     0.97713347
   933.92300000	     0.98742845
   935.88200000	     0.98735281
   937.84500000	     0.99764598
   939.79800000	     0.98719971
   941.76100000	     0.99749470
   942.73600000	     0.98708625
   945.67300000	     0.98697098
   949.58500000	     0.97644906
   951.53900000	     0.96600099
   953.49300000	     0.95555472
   957.38600000	     0.90354849
   959.32100000	     0.85161792
   960.28100000	     0.81009758
   961.24600000	     0.77894788
   963.18600000	     0.73738792
   964.14600000	     0.69586760
   966.08600000	     0.65430765
   968.02500000	     0.61274949
   969.00900000	     0.62308230
   972.94900000	     0.67478233
   973.92900000	     0.67474451
   975.88200000	     0.66429824
   978.79200000	     0.60195921
   980.71700000	     0.52928919
   981.67700000	     0.48776705
   982.62800000	     0.42550547
   983.57500000	     0.35287146
   984.51200000	     0.25949801
   985.47200000	     0.21797587
   986.42800000	     0.16608491
   987.38800000	     0.12456279
   988.33000000	     0.04155995
   989.29000000	     0.00003782
   990.26900000	     0.00000000
   993.23500000	     0.06211029
   994.23300000	     0.10355497
   995.23100000	     0.14499965
   996.22900000	     0.18644434
   996.24800000	     0.22792865
   997.24500000	     0.26937333
   998.24300000	     0.31081801
   999.24100000	     0.35226269
   999.26000000	     0.39374520
  1000.26000000	     0.43518989
  1001.26000000	     0.48700520
  1002.26000000	     0.52844988
  1003.26000000	     0.56989456
  1004.25000000	     0.61134105
  1005.25000000	     0.65278573
  1008.21000000	     0.69415297
  1011.15000000	     0.69403950
  1015.05000000	     0.67314515
  1017.01000000	     0.67306951
  1018.97000000	     0.66262324
  1021.90000000	     0.66250797
  1024.82000000	     0.62091199
  1027.73000000	     0.54820234
  1028.69000000	     0.50668020
  1030.63000000	     0.46512206
  1032.57000000	     0.42356211
  1033.55000000	     0.44426554
  1035.55000000	     0.51678428
  1036.54000000	     0.55823075
  1036.56000000	     0.59971326
  1037.56000000	     0.64115795
  1038.56000000	     0.68260264
  1039.56000000	     0.72404732
  1041.54000000	     0.77582481
  1042.53000000	     0.80689886
  1044.51000000	     0.84830572
  1048.44000000	     0.87926631
  1051.38000000	     0.87915104
  1053.33000000	     0.86870477
  1055.29000000	     0.86862732
  1060.16000000	     0.80621265
  1063.07000000	     0.74387543
  1064.03000000	     0.70235329
  1065.97000000	     0.66079514
  1066.93000000	     0.61927301
  1067.89000000	     0.57775268
  1068.85000000	     0.53623235
  1070.79000000	     0.50504302
  1071.75000000	     0.46352270
  1072.71000000	     0.42200237
  1075.62000000	     0.35966334
  1077.58000000	     0.36995832
  1079.56000000	     0.41136338
  1081.54000000	     0.45277025
  1083.51000000	     0.48380647
  1085.49000000	     0.52521334
  1087.45000000	     0.53550832
  1089.41000000	     0.54580329
  1093.35000000	     0.59750334
  1096.31000000	     0.62850175
  1100.23000000	     0.64909171
  1104.14000000	     0.63856799
  1106.09000000	     0.60738047
  1109.00000000	     0.55541206
  1110.94000000	     0.51385211
  1111.90000000	     0.47233179
  1115.80000000	     0.42032556
  1117.76000000	     0.43062054
  1120.72000000	     0.47198958
  1122.69000000	     0.50302581
  1125.63000000	     0.50291055
  1127.58000000	     0.49246428
  1129.53000000	     0.48201800
  1133.44000000	     0.45075303
  1137.35000000	     0.44022931
  1140.27000000	     0.39863154
  1143.19000000	     0.36740619
  1146.14000000	     0.39840460
  1149.11000000	     0.47088552
  1150.10000000	     0.50195957
  1152.08000000	     0.54336644
  1154.05000000	     0.57440086
  1157.01000000	     0.61576991
  1158.98000000	     0.64680614
  1161.95000000	     0.71928706
  1163.93000000	     0.75032329
  1165.90000000	     0.79173016
  1169.85000000	     0.86417325
  1171.83000000	     0.89520949
  1173.79000000	     0.90550266
  1178.70000000	     0.93642543
  1181.64000000	     0.93631016
  1183.60000000	     0.94660514
  1189.47000000	     0.94637640
  1193.39000000	     0.94622512
  1195.34000000	     0.93577704
  1198.28000000	     0.93566357
  1200.24000000	     0.92521730
  1204.15000000	     0.91469358
  1208.06000000	     0.90416986
  1211.96000000	     0.87290669
  1213.92000000	     0.86245862
  1217.81000000	     0.81045240
  1219.75000000	     0.77926487
  1222.68000000	     0.74803772
  1226.57000000	     0.68566087
  1227.53000000	     0.64414055
  1229.47000000	     0.61295301
  1231.41000000	     0.57139306
  1233.35000000	     0.54020554
  1235.29000000	     0.49864559
  1237.24000000	     0.46745806
  1239.18000000	     0.42589810
  1241.13000000	     0.41545183
  1244.08000000	     0.44645025
  1246.07000000	     0.50859836
  1248.05000000	     0.55000523
  1249.04000000	     0.59144990
  1251.02000000	     0.62248614
  1252.01000000	     0.66393083
  1254.98000000	     0.71566869
  1256.95000000	     0.74670492
  1262.84000000	     0.77758987
  1264.80000000	     0.78788304
  1266.76000000	     0.78780740
  1271.66000000	     0.80835954
  1275.58000000	     0.81857707
  1277.55000000	     0.82887206
  1282.44000000	     0.82868114
  1286.36000000	     0.82852805
  1288.32000000	     0.83882303
  1294.20000000	     0.83859429
  1298.11000000	     0.82807238
  1300.06000000	     0.81762430
  1303.00000000	     0.81751083
  1306.93000000	     0.84847143
  1310.85000000	     0.85868896
  1312.82000000	     0.86898394
  1314.78000000	     0.86890830
  1316.74000000	     0.87920147
  1322.61000000	     0.87897273
  1324.58000000	     0.88926772
  1326.53000000	     0.88919207
  1328.49000000	     0.87874580
  1331.43000000	     0.87863053
  1335.33000000	     0.85773619
  1337.29000000	     0.84728991
  1342.16000000	     0.79524586
  1344.10000000	     0.76405834
  1347.03000000	     0.73283120
  1351.90000000	     0.69115777
  1357.77000000	     0.65981715
  1360.67000000	     0.59747812
  1362.62000000	     0.56629060
  1364.55000000	     0.51436002
  1365.51000000	     0.47283969
  1367.42000000	     0.35868536
  1368.38000000	     0.31716502
  1369.34000000	     0.27564290
  1370.28000000	     0.19264005
  1371.24000000	     0.15111793
  1372.20000000	     0.10959760
  1374.13000000	     0.04729639
  1375.09000000	     0.00577607
  1377.07000000	     0.03681230
  1378.06000000	     0.07825698
  1379.06000000	     0.11970167
  1380.06000000	     0.16114634
  1381.06000000	     0.20259103
  1382.05000000	     0.23366509
  1383.05000000	     0.27510977
  1384.05000000	     0.31655446
  1385.05000000	     0.35799914
  1388.01000000	     0.42010943
  1389.98000000	     0.45114566
  1391.95000000	     0.46144065
  1393.91000000	     0.47173563
  1395.87000000	     0.47165998
  1397.83000000	     0.48195317
  1399.79000000	     0.48187752
