950.118764846       6.12020171444
950.618827353       5.92566588631
951.118889861       5.73159028536
951.618952369       5.54221552879
952.119014877       5.36083921243
952.619077385       5.18990917004
953.119139892       5.03114511515
953.6192024       4.88566880186
954.119264908       4.75412942677
954.619327416       4.63681657122
955.119389924       4.5337571551
955.619452432       4.44479568288
956.119514939       4.3696587543
956.619577447       4.30800568529
957.119639955       4.25946741031
957.619702463       4.22367582941
958.119764971       4.2002855737
958.619827478       4.18898989246
959.119889986       4.18953207454
959.619952494       4.20171353852
960.120015002       4.22539947788
960.62007751       4.26052273086
961.120140018       4.30708636091
961.620202525       4.36516527536
962.120265033       4.4349070718
962.620327541       4.51653217623
963.120390049       4.6103332172
963.620452557       4.7166734599
964.120515064       4.83598399696
964.620577572       4.96875925591
965.12064008       5.11555023383
965.620702588       5.27695471117
966.120765096       5.45360353825
966.620827603       5.64614194773
967.120890111       5.85520475824
967.620952619       6.08138434804
968.121015127       6.3251904636
968.621077635       6.58700137323
969.121140143       6.86700666878
969.62120265       7.16514321993
970.121265158       7.48102737343
970.621327666       7.81388828603
971.121390174       8.16250888069
971.621452682       8.52518166948
972.121515189       8.89968580682
972.621577697       9.2832886118
973.121640205       9.67276950819
973.621702713       10.0644581635
974.121765221       10.4542742221
974.621827728       10.8377567684
975.121890236       11.210079955
975.621952744       11.5660665856
976.122015252       11.9002291832
976.62207776       12.2068801371
977.122140268       12.4803503945
977.622202775       12.7153351123
978.122265283       12.9073472246
978.622327791       13.0532166321
979.122390299       13.1515395678
979.622452807       13.202974618
980.122515314       13.2103058538
980.622577822       13.1782440933
981.12264033       13.1129980407
981.622702838       13.021697688
982.122765346       12.9117778349
982.622827853       12.7904256143
983.122890361       12.6641686495
983.622952869       12.5386415947
984.123015377       12.4185298218
984.623077885       12.3076578863
985.123140393       12.2091710566
985.6232029       12.1257515959
986.123265408       12.059816679
986.623327916       12.0136591456
987.123390424       11.9895115492
987.623452932       11.9895329805
988.123515439       12.0157323303
988.623577947       12.0698484648
989.123640455       12.1532074675
989.623702963       12.2665721729
990.123765471       12.4099931004
990.623827979       12.5826655788
991.123890486       12.7827971525
991.623952994       13.0074927173
992.124015502       13.2526715643
992.62407801       13.5130388926
993.124140518       13.7821417316
993.624203025       14.0525420685
994.124265533       14.3161343574
994.624328041       14.5646173869
995.124390549       14.7901013332
995.624453057       14.9857941579
996.124515564       15.1466771757
996.624578072       15.2700607036
997.12464058       15.3559182551
997.624703088       15.4069345025
998.124765596       15.4282594046
998.624828104       15.4270206842
999.124890611       15.4116902628
999.624953119       15.3914156316
1000.12501563       15.3754142626
1000.62507813       15.3724974213
1001.12514064       15.3907522334
1001.62520315       15.4373785569
1002.12526566       15.5186559381
1002.62532817       15.6400063764
1003.12539067       15.8061182419
1003.62545318       16.0211018166
1004.12551569       16.2886542836
1004.6255782       16.6122193056
1005.12564071       16.9951324034
1005.62570321       17.4407477493
1006.12576572       17.9525447899
1006.62582823       18.534214558
1007.12589074       19.1897259465
1007.62595324       19.9233718586
1008.12601575       20.7397942134
1008.62607826       21.6439853925
1009.12614077       22.6412619115
1009.62620328       23.7372039152
1010.12626578       24.9375515006
1010.62632829       26.2480459016
1011.1263908       27.6742002627
1011.62645331       29.2209812808
1012.12651581       30.8923797598
1012.62657832       32.6908457887
1013.12664083       34.6165639367
1013.62670334       36.6665472632
1014.12676585       38.8335385099
1014.62682835       41.1047256709
1015.12689086       43.460310741
1015.62695337       45.8720178269
1016.12701588       48.3016908615
1016.62707838       50.7002079901
1017.12714089       53.007017377
1017.6272034       55.1506549955
1018.12726591       57.0506055299
1018.62732842       58.6207751442
1019.12739092       59.7746324447
1019.62745343       60.4317466666
1020.12751594       60.5250669409
1020.62757845       60.0079536427
1021.12764096       58.8598255953
1021.62770346       57.0894226666
1022.12776597       54.7351030322
1022.62782848       51.8621815191
1023.12789099       48.5578776941
1023.62795349       44.924799341
1024.128016       41.0739522535
1024.62807851       37.1180774997
1025.12814102       33.1657980553
1025.62820353       29.3167535575
1026.12826603       25.6577171726
1026.62832854       22.2596493957
1027.12839105       19.1757063928
1027.62845356       16.4403018379
1028.12851606       14.0693410223
1028.62857857       12.0616656019
1029.12864108       10.4015858757
1029.62870359       9.06219865086
1030.1287661       8.00906524824
1030.6288286       7.20380097522
1031.12889111       6.60720437852
1031.62895362       6.18169492434
1032.12901613       5.89298137861
1032.62907863       5.7110094652
1033.12914114       5.61031640902
1033.62920365       5.56995141872
1034.12926616       5.57311664932
1034.62932867       5.60665787006
1035.12939117       5.66050104351
1035.62945368       5.72709905447
1036.12951619       5.80092640208
1036.6295787       5.87804015093
1037.12964121       5.95571236996
1037.62970371       6.03213141393
1038.12976622       6.10616530568
1038.62982873       6.17717891069
1039.12989124       6.24489659372
1039.62995374       6.30930293285
1040.13001625       6.37057539604
1040.63007876       6.4290443971
1041.13014127       6.48517769648
1041.63020378       6.53958762979
1042.13026628       6.59306110365
1042.63032879       6.646613674
1043.1303913       6.70157028023
1043.63045381       6.7596762682
1044.13051631       6.82324304311
1044.63057882       6.89533278638
1045.13064133       6.97998574463
1045.63070384       7.0824910863
1046.13076635       7.20969750304
1046.63082885       7.37035183399
1047.13089136       7.57544239847
1047.63095387       7.83850840751
1048.13101638       8.17585895702
1048.63107888       8.6066277883
1049.13114139       9.15257879105
1049.6312039       9.8375798583
1050.13126641       10.6866873179
1050.63132892       11.724834606
1051.13139142       12.9751937793
1051.63145393       14.4573617016
1052.13151644       16.1855883993
1052.63157895       18.1672849693
1053.13164146       20.4020059389
1053.63170396       22.8810032287
1054.13176647       25.5873283374
1054.63182898       28.4963613531
1055.13189149       31.576607205
1055.63195399       34.7906331713
1056.1320165       38.0961088428
1056.63207901       41.4470104716
1057.13214152       44.7951190156
1057.63220403       48.0919367297
1058.13226653       51.2910530445
1058.63232904       54.3508187076
1059.13239155       57.236983114
1059.63245406       59.9247848999
1060.13251656       62.3999355314
1060.63257907       64.6580460925
1061.13264158       66.7023088604
1061.63270409       68.5395889825
1062.1327666       70.1754093093
1062.6328291       71.6085401402
1063.13289161       72.8260009222
1063.63295412       73.7992591404
1064.13301663       74.4823129943
1064.63307913       74.8121978324
1065.13314164       74.7122584937
1065.63320415       74.098251291
1066.13326666       72.8869551021
1066.63332917       71.0064996343
1067.13339167       68.4071490813
1067.63345418       65.0709588636
1068.13351669       61.0187021695
1068.6335792       56.312813427
1069.13364171       51.055753914
1069.63370421       45.3839836855
1070.13376672       39.4583993761
1070.63382923       33.4525145007
1071.13389174       27.5397918973
1071.63395424       21.8814664042
1072.13401675       16.6160236827
1072.63407926       11.8512824748
1073.13414177       7.65975009414
1073.63420428       4.07754969753
1074.13426678       1.10675917511
1074.63432929       -1.27946701852
1075.1343918       -3.12997870734
1075.63445431       -4.50804354505
1076.13451681       -5.48412849347
1076.63457932       -6.12980679052
1077.13464183       -6.51319214593
1077.63470434       -6.69597087613
1078.13476685       -6.73186219204
1078.63482935       -6.66620635758
1079.13489186       -6.53634458831
1079.63495437       -6.37248187828
1080.13501688       -6.19878242358
1080.63507938       -6.03451292658
1081.13514189       -5.8951079834
1081.6352044       -5.79307886176
1082.13526691       -5.73872299724
1082.63532942       -5.74062006758
1083.13539192       -5.80592538097
1083.63545443       -5.94049450253
1084.13551694       -6.14889341197
1084.63557945       -6.43436197663
1085.13564196       -6.79880009386
1085.63570446       -7.24283259183
1086.13576697       -7.76598279891
1086.63582948       -8.3669527014
1087.13589199       -9.04397946198
1087.63595449       -9.79522171085
1088.136017       -10.6191273847
1088.63607951       -11.5147454014
1089.13614202       -12.481960176
1089.63620453       -13.5216446828
1090.13626703       -14.6357402162
1090.63632954       -15.8272776324
1091.13639205       -17.1003561969
1091.63645456       -18.4600937914
1092.13651706       -19.9125578382
1092.63657957       -21.4646811668
1093.13664208       -23.1241619445
1093.63670459       -24.8993419976
1094.1367671       -26.7990533654
1094.6368296       -28.8324186142
1095.13689211       -31.0085861454
1095.63695462       -33.3363774407
1096.13701713       -35.8238190842
1096.63707963       -38.4775290191
1097.13714214       -41.3019248688
1097.63720465       -44.2982239528
1098.13726716       -47.4632123957
1098.63732967       -50.7877778481
1099.13739217       -54.2552309609
1099.63745468       -57.839488968
1100.13751719       -61.5032631408
1100.6375797       -65.196478834
1101.13764221       -68.8552527938
1101.63770471       -72.4018359228
1102.13776722       -75.745965643
1102.63782973       -78.7880152596
1103.13789224       -81.4241365556
1103.63795474       -83.5532513574
1104.13801725       -85.0852972044
1104.63807976       -85.9496792447
1105.13814227       -86.1025835229
1105.63820478       -85.5318167352
1106.13826728       -84.2582183522
1106.63832979       -82.3333657366
1107.1383923       -79.8340575011
1107.63845481       -76.8546698236
1108.13851731       -73.4987592912
1108.63857982       -69.8711973475
1109.13864233       -66.0717606339
1109.63870484       -62.1906292082
1110.13876735       -58.3058103324
1110.63882985       -54.4821998816
1111.13889236       -50.7718408158
1111.63895487       -47.2149163446
1112.13901738       -43.8410819809
1112.63907988       -40.6708525577
1113.13914239       -37.7168826189
1113.6392049       -34.985086153
1114.13926741       -32.4756177332
1114.63932992       -30.1837735632
1115.13939242       -28.1008691586
1115.63945493       -26.2151215066
1116.13951744       -24.5125249394
1116.63957995       -22.9776789558
1117.13964246       -21.5945137701
1117.63970496       -20.3468670809
1118.13976747       -19.2188874886
1118.63982998       -18.1952671157
1119.13989249       -17.2613304766
1119.63995499       -16.4030240633
1120.1400175       -15.6068600988
1120.64008001       -14.8598687727
1121.14014252       -14.1496064237
1121.64020503       -13.4642526525
1122.14026753       -12.7928075301
1122.64033004       -12.1253728417
1123.14039255       -11.4534734747
1123.64045506       -10.7703541287
1124.14051756       -10.0711804738
1124.64058007       -9.35308732374
1125.14064258       -8.61504723092
1125.64070509       -7.85757200209
1126.1407676       -7.08229431874
1126.6408301       -6.29149637521
1127.14089261       -5.48765321474
1127.64095512       -4.67304348198
1128.14101763       -3.84945732306
1128.64108014       -3.01800826607
1129.14114264       -2.17903863337
1129.64120515       -1.33209839595
1130.14126766       -0.475974631963
1130.64133017       0.391249227296
1131.14139267       1.27212068579
1131.64145518       2.16974314555
1132.14151769       3.08770489187
1132.6415802       4.03001451613
1133.14164271       5.00104217325
1133.64170521       6.00546380647
1134.14176772       7.04820371529
1134.64183023       8.13436935283
1135.14189274       9.26917081449
1135.64195524       10.45781599
1136.14201775       11.7053707411
1136.64208026       13.0165717925
1137.14214277       14.3955784751
1137.64220528       15.8456484323
1138.14226778       17.36872255
1138.64233029       18.9649067135
1139.1423928       20.6318439361
1139.64245531       22.3639817589
1140.14251781       24.1517585304
1140.64258032       25.9807598588
1141.14264283       27.8309334072
1141.64270534       29.6759935911
1142.14276785       31.4831901936
1142.64283035       33.2136427854
1143.14289286       34.8234367483
1143.64295537       36.2656156727
1144.14301788       37.4930754554
1144.64308039       38.4621740548
1145.14314289       39.1366542893
1145.6432054       39.4913010279
1146.14326791       39.5146939235
1146.64333042       39.2105226794
1147.14339292       38.5971962337
1147.64345543       37.7058269573
1148.14351794       36.5769945774
1148.64358045       35.256892487
1149.14364296       33.7934866416
1149.64370546       32.2331959699
1150.14376797       30.6183993892
1150.64383048       28.9858627286
1151.14389299       27.3660129545
1151.64395549       25.782889324
1152.144018       24.2545673315
1152.64408051       22.7938632567
1153.14414302       21.4091636943
1153.64420553       20.1052686115
1154.14426803       18.8841775039
1154.64433054       17.7457810248
1155.14439305       16.6884439222
1155.64445556       15.7094802202
1156.14451806       14.8055301987
1156.64458057       13.9728527784
1157.14464308       13.2075480402
1157.64470559       12.5057240348
1158.1447681       11.8636205964
1158.6448306       11.2777011141
1159.14489311       10.7447214136
1159.64495562       10.261783216
1160.14501813       9.82637807713
1160.64508064       9.43642621959
1161.14514314       9.09031312536
1161.64520565       8.78692498409
1162.14526816       8.52568189309
1162.64533067       8.30656486489
1163.14539317       8.1301290818
1163.64545568       7.99749147799
1164.14551819       7.91027601274
1164.6455807       7.87049584942
1165.14564321       7.88034969012
1165.64570571       7.94191199293
1166.14576822       8.05670617723
1166.64583073       8.22516791855
1167.14589324       8.44603189954
1167.64595574       8.71570633879
1168.14601825       9.02772829059
1168.64608076       9.37241018158
1169.14614327       9.73678630583
1169.64620578       10.1049427986
1170.14626828       10.4587668997
1170.64633079       10.7790867729
1171.1463933       11.0471010777
1171.64645581       11.2459305069
1172.14651831       11.3620774162
1172.64658082       11.3865711512
1173.14664333       11.3156168233
1173.64670584       11.1506516002
1174.14676835       10.8978250933
1174.64683085       10.56702714
1175.14689336       10.1706563171
1175.64695587       9.72233955756
1176.14701838       9.23578096863
1176.64708089       8.7238553573
1177.14714339       8.19799270711
1177.6472059       7.66784250576
1178.14726841       7.14117040472
1178.64733092       6.62392435636
1179.14739342       6.12040800417
1179.64745593       5.63350903007
1180.14751844       5.16494364568
1180.64758095       4.71549161018
1181.14764346       4.28520709106
1181.64770596       3.87359874252
1182.14776847       3.47977774049
1182.64783098       3.10257571411
1183.14789349       2.74063615297
1183.64795599       2.39248347977
1184.1480185       2.0565739709
1184.64808101       1.7313323758
1185.14814352       1.41517761983
1185.64820603       1.10654049295
1186.14826853       0.80387579346
1186.64833104       0.505671045515
1187.14839355       0.210453653855
1187.64845606       -0.0832017998908
1188.14851856       -0.376664485421
1188.64858107       -0.671234838906
1189.14864358       -0.968126973158
1189.64870609       -1.268444223
1190.1487686       -1.57314604201
1190.6488311       -1.88300457358
1191.14889361       -2.19854958181
1191.64895612       -2.52000121513
1192.14901863       -2.84719149443
1192.64908114       -3.17947768348
1193.14914364       -3.51565396899
1193.64920615       -3.8538721254
1194.14926866       -4.19158667594
1194.64933117       -4.52554453561
1195.14939367       -4.85184158442
1195.64945618       -5.16606685136
1196.14951869       -5.46354676175
1196.6495812       -5.73968608001
1197.14964371       -5.99038012073
1197.64970621       -6.21244928394
1198.14976872       -6.40402969106
1198.64983123       -6.5648506838
1199.14989374       -6.69634560686
1199.64995624       -6.80157420952
1200.15001875       -6.88497385926
1200.65008126       -6.95199011869
1201.15014377       -7.00865513949
1201.65020628       -7.06118144621
1202.15026878       -7.11562272748
1202.65033129       -7.17763003173
1203.1503938       -7.25230918869
1203.65045631       -7.34416854564
1204.15051881       -7.45713695345
1204.65058132       -7.59462945106
1205.15064383       -7.75964011093
1205.65070634       -7.95484575092
1206.15076885       -8.18270895429
1206.65083135       -8.44557302322
1207.15089386       -8.74574466474
1207.65095637       -9.08556229345
1208.15101888       -9.46744895539
1208.65108139       -9.89394921836
1209.15114389       -10.3677491174
1209.6512064       -10.891677532
1210.15126891       -11.4686863003
1210.65133142       -12.1018050153
1211.15139392       -12.7940648419
1211.65145643       -13.5483839192
1212.15151894       -14.3674050647
1212.65158145       -15.2532748056
1213.15164396       -16.2073515555
1213.65170646       -17.2298306321
1214.15176897       -18.3192756061
1214.65183148       -19.4720503728
1215.15189399       -20.6816557823
1215.65195649       -21.9379901675
1216.152019       -23.2265757805
1216.65208151       -24.5278228098
1217.15214402       -25.8164367238
1217.65220653       -27.0611068337
1218.15226903       -28.2246335603
1218.65233154       -29.2646451262
1219.15239405       -30.1350084687
1219.65245656       -30.7879495176
1220.15251906       -31.176776259
1220.65258157       -31.2589754486
1221.15264408       -30.9993737637
1221.65270659       -30.373051946
1222.1527691       -29.3677789109
1222.6528316       -27.98585012
1223.15289411       -26.2452995895
1223.65295662       -24.1804483768
1224.15301913       -21.8416510022
1224.65308164       -19.2939740648
1225.15314414       -16.614500428
1225.65320665       -13.8880893956
1226.15326916       -11.201747444
1226.65333167       -8.63818013885
1227.15339417       -6.26943997299
1227.65345668       -4.15170156442
1228.15351919       -2.32201552982
1228.6535817       -0.797467501439
1229.15364421       0.42335264063
1229.65370671       1.35711079023
1230.15376922       2.03150204418
1230.65383173       2.48083500012
1231.15389424       2.74205835405
1231.65395674       2.85160973194
1232.15401925       2.84321916494
1232.65408176       2.74661258616
1233.15414427       2.58695261418
1233.65420678       2.38481547778
1234.15426928       2.15651234573
1234.65433179       1.91459782232
1235.1543943       1.6684505613
1235.65445681       1.42485027657
1236.15451931       1.18850705427
1236.65458182       0.962521745464
1237.15464433       0.748771296766
1237.65470684       0.548221878228
1238.15476935       0.361177361387
1238.65483185       0.187472578306
1239.15489436       0.026620976619
1239.65495687       -0.122074446544
1240.15501938       -0.259439195322
1240.65508189       -0.386367833072
1241.15514439       -0.503781774987
1241.6552069       -0.612600113834
1242.15526941       -0.71372018586
1242.65533192       -0.808005330552
1243.15539442       -0.8962778974
1243.65545693       -0.979316025636
1244.15551944       -1.05785309052
1244.65558195       -1.13257899202
1245.15564446       -1.20414267596
1245.65570696       -1.27315543809
1246.15576947       -1.34019467979
1246.65583198       -1.40580786914
1247.15589449       -1.4705165195
1247.65595699       -1.53482003501
1248.1560195       -1.59919929168
1248.65608201       -1.66411982584
1249.15614452       -1.73003449103
1249.65620703       -1.79738541819
1250.15626953       -1.86660507404
1250.65633204       -1.93811615675
1251.15639455       -2.01232999597
1251.65645706       -2.08964303758
1252.15651956       -2.17043089297
1252.65658207       -2.25503932608
1253.15664458       -2.34377145129
1253.65670709       -2.4368703448
1254.1567696       -2.53449626936
1254.6568321       -2.63669783568
1255.15689461       -2.74337675361
1255.65695712       -2.85424646684
1256.15701963       -2.96878603137
1256.65708214       -3.08619218658
1257.15714464       -3.20533470225
1257.65720715       -3.32472262411
1258.15726966       -3.44249157614
1258.65733217       -3.55642404229
1259.15739467       -3.6640144337
1259.65745718       -3.76258752083
1260.15751969       -3.84947162867
1260.6575822       -3.92221712289
1261.15764471       -3.97883814166
1261.65770721       -4.01804496301
1262.15776972       -4.03943020856
1262.65783223       -4.04357732713
1263.15789474       -4.03207426508
1263.65795724       -4.00743484749
1264.15801975       -3.97294872761
1264.65808226       -3.93249190985
1265.15814477       -3.89033108474
1265.65820728       -3.85094763193
1266.15826978       -3.81889532804
1266.65833229       -3.79869440664
1267.1583948       -3.79475724297
1267.65845731       -3.81133886043
1268.15851981       -3.85250762873
1268.65858232       -3.92213524443
1269.15864483       -4.02390715396
1269.65870734       -4.16135265564
1270.15876985       -4.33788768439
1270.65883235       -4.55685485659
1271.15889486       -4.82153856339
1271.65895737       -5.13513162488
1272.15901988       -5.50063629353
1272.65908239       -5.92069521258
1273.15914489       -6.39736325686
1273.6592074       -6.93184329754
1274.15926991       -7.52421273751
1274.65933242       -8.17316106562
1275.15939492       -8.87574397813
1275.65945743       -9.6271429784
1276.15951994       -10.4204084534
1276.65958245       -11.246165172
1277.15964496       -12.0922744943
1277.65970746       -12.9434758922
1278.15976997       -13.781067124
1278.65983248       -14.5827208015
1279.15989499       -15.3225662842
1279.65995749       -15.9716787249
1280.16002       -16.499099107
1280.66008251       -16.8734497467
1281.16014502       -17.0651068527
1281.66020753       -17.0487590398
1282.16027003       -16.8060509684
1282.66033254       -16.3279301106
1283.16039505       -15.6163227384
1283.66045756       -14.6848758717
1284.16052007       -13.5586872397
1284.66058257       -12.2731430616
1285.16064508       -10.872123983
1285.66070759       -9.40587803121
1286.1607701       -7.92879520563
1286.6608326       -6.49719113716
1287.16089511       -5.16707742146
1287.66095762       -3.99181986318
1288.16102013       -3.01959624031
1288.66108264       -2.29066306467
1289.16114514       -1.83459363196
1289.66120765       -1.66780009325
1290.16127016       -1.79173706776
1290.66133267       -2.19215997513
1291.16139517       -2.83967568029
1291.66145768       -3.69161880681
1292.16152019       -4.69508095383
1292.6615827       -5.79076920923
1293.16164521       -6.91729671805
1293.66170771       -8.0154970614
1294.16177022       -9.03237617144
1294.66183273       -9.92435230996
1295.16189524       -10.6594917214
1295.66195774       -11.2185438955
1296.16202025       -11.5947252412
1296.66208276       -11.7923753237
1297.16214527       -11.8247722238
1297.66220778       -11.7114951581
1298.16227028       -11.4757358478
1298.66233279       -11.14189075
1299.1623953       -10.7336463343
1299.66245781       -10.2726400973
1300.16252032       -9.77767358233
1300.66258282       -9.26438615328
1301.16264533       -8.74526974465
1301.66270784       -8.2299058572
1302.16277035       -7.72532443048
1302.66283285       -7.23640931305
1303.16289536       -6.76629974402
1303.66295787       -6.31675785512
1304.16302038       -5.88848751758
1304.66308289       -5.48140018442
1305.16314539       -5.09482966964
1305.6632079       -4.72770115861
1306.16327041       -4.37866113501
1306.66333292       -4.04617510213
1307.16339542       -3.72859951176
1307.66345793       -3.42423354983
1308.16352044       -3.13135558637
1308.66358295       -2.84824830214
1309.16364546       -2.5732158211
1309.66370796       -2.30459563227
1310.16377047       -2.04076768308
1310.66383298       -1.78016276303
1311.16389549       -1.52127215899
1311.66395799       -1.26266053608
1312.1640205       -1.00298405665
1312.66408301       -0.741015861793
1313.16414552       -0.475681151814
1313.66420803       -0.206104135618
1314.16427053       0.0683310476689
1314.66433304       0.347903870573
1315.16439555       0.632465000127
1315.66445806       0.921329521299
1316.16452057       1.21316058239
1316.66458307       1.50585276763
1317.16464558       1.79643027908
1317.66470809       2.08098143275
1318.1647706       2.3546566559
1318.6648331       2.61175980726
1319.16489561       2.84595923562
1319.66495812       3.05063271256
1320.16502063       3.21933809767
1320.66508314       3.34637171704
1321.16514564       3.42734591624
1321.66520815       3.45969653024
1322.16527066       3.44303024842
1322.66533317       3.3792456331
1323.16539567       3.27240514391
1323.66545818       3.1283855927
1324.16552069       2.95437466801
1324.6655832       2.75829963215
1325.16564571       2.54826843179
1325.66570821       2.33207979432
1326.16577072       2.11682866258
1326.66583323       1.90860717982
1327.16589574       1.71228575181
1327.66595824       1.5313546784
1328.16602075       1.36781161143
1328.66608326       1.22208887456
1329.16614577       1.09302293209
1329.66620828       0.977873324356
1330.16627078       0.872399902117
1330.66633329       0.771006575127
1331.1663958       0.66695849706
1331.66645831       0.552677634244
1332.16652082       0.420117142121
1332.66658332       0.261205370515
1333.16664583       0.0683347125359
1333.66670834       -0.16514838738
1334.16677085       -0.444511518014
1334.66683335       -0.773325711976
1335.16689586       -1.15332613105
1335.66695837       -1.58446419039
1336.16702088       -2.06513310131
1336.66708339       -2.59251446146
1337.16714589       -3.16297373596
1337.6672084       -3.7724318373
1338.16727091       -4.41665589729
1338.66733342       -5.0914374635
1339.16739592       -5.79265284243
1339.66745843       -6.51622265684
1340.16752094       -7.25800369264
1340.66758345       -8.01365599217
1341.16764596       -8.77853283793
1341.66770846       -9.54764095593
1342.16777097       -10.3157117361
1342.66783348       -11.0774093253
1343.16789599       -11.8276764155
1343.66795849       -12.562184423
1344.168021       -13.2778170412
1344.66808351       -13.9730848953
1345.16814602       -14.6483559968
1345.66820853       -15.3058001342
1346.16827103       -15.9489851097
1346.66833354       -16.5821192444
1347.16839605       -17.2089931604
1347.66845856       -17.8317224242
1348.16852107       -18.4494274823
1348.66858357       -19.057012941
1349.16864608       -19.6442307603
1349.66870859       -20.1952300618
1350.1687711       -20.6887955061
1350.6688336       -21.0994317261
1351.16889611       -21.3993409785
1351.66895862       -21.5611648802
1352.16902113       -21.5611552116
1352.66908364       -21.3822725028
1353.16914614       -21.0166589261
1353.66920865       -20.4670334738
1354.16927116       -19.7467892506
1354.66933367       -18.878854891
1355.16939617       -17.893616692
1355.66945868       -16.8263167971
1356.16952119       -15.7143341887
1356.6695837       -14.5946584457
1357.16964621       -13.5017417423
1357.66970871       -12.4658126283
1358.16977122       -11.5116774284
1358.66983373       -10.6580143289
1359.16989624       -9.91715786905
1359.66995874       -9.29535496002
1360.17002125       -8.79343880729
1360.67008376       -8.40782213146
1361.17014627       -8.13167374679
1361.67020878       -7.95612905749
1362.17027128       -7.87140100783
1362.67033379       -7.86769696413
1363.1703963       -7.93589526743
1363.67045881       -8.06797913238
1364.17052132       -8.25725656221
1364.67058382       -8.49841064936
1365.17064633       -8.78742736154
1365.67070884       -9.121442111
1366.17077135       -9.49853651864
1366.67083385       -9.91750617086
1367.17089636       -10.3776108423
1367.67095887       -10.8783115365
1368.17102138       -11.4189939776
1368.67108389       -11.99867567
1369.17114639       -12.6156929646
1369.6712089       -13.2673652927
1370.17127141       -13.9496354497
1370.67133392       -14.6566873241
1371.17139642       -15.3805460028
1371.67145893       -16.110670816
1372.17152144       -16.8335616215
1372.67158395       -17.532415038
1373.17164646       -18.1868919796
1373.67170896       -18.7730887744
1374.17177147       -19.2638332697
1374.67183398       -19.6294395362
1375.17189649       -19.8390310192
1375.67195899       -19.8624669304
1376.1720215       -19.6727795929
1376.67208401       -19.2488741572
1377.17214652       -18.5781034455
1377.67220903       -17.6582673902
1378.17227153       -16.498642185
1378.67233404       -15.1198224304
1379.17239655       -13.5524134736
1379.67245906       -11.834858714
1380.17252157       -10.0108452637
1380.67258407       -8.12675333798
1381.17264658       -6.22950455012
1381.67270909       -4.3649710907
1382.1727716       -2.57690190913
1382.6728341       -0.906168678059
1383.17289661       0.60992488752
1383.67295912       1.93848182324
1384.17302163       3.05208203243
1384.67308414       3.93000075639
1385.17314664       4.55934658563
1385.67320915       4.93581884038
1386.17327166       5.06381746363
1386.67333417       4.95576834052
1387.17339667       4.63070732464
1387.67345918       4.11233287542
1388.17352169       3.42683590051
1388.6735842       2.60082410503
1389.17364671       1.65959076109
1389.67370921       0.625870704911
1390.17377172       -0.480881432841
1390.67383423       -1.64473737752
1391.17389674       -2.8531578212
1391.67395924       -4.09657642642
1392.17402175       -5.36780084446
1392.67408426       -6.66130643415
1393.17414677       -7.97247714307
1393.67420928       -9.29683164201
1394.17427178       -10.629264576
1394.67433429       -11.9633338579
1395.1743968       -13.2906347163
1395.67445931       -14.6003173793
1396.17452182       -15.8788231999
1396.67458432       -17.109926339
1397.17464683       -18.27516495
1397.67470934       -19.3547168379
1398.17477185       -20.3287133038
1398.67483435       -21.1788945475
1399.17489686       -21.8904082606
1399.67495937       -22.4534712546
1400.17502188       -22.8645877535
1400.67508439       -23.127070755
1401.17514689       -23.2507405621
1401.6752094       -23.2508422667
1402.17527191       -23.1463791196
1402.67533442       -22.9581550022
1403.17539692       -22.7068363077
1403.67545943       -22.4112919902
1404.17552194       -22.087380898
1404.67558445       -21.7472608771
1405.17564696       -21.3992165615
1405.67570946       -21.0479489362
1406.17577197       -20.6952348916
1406.67583448       -20.3408406832
1407.17589699       -19.9835546686
1407.67595949       -19.6221940859
1408.176022       -19.2564455172
1408.67608451       -18.8874261788
1409.17614702       -18.5179035025
1409.67620953       -18.1521737827
1410.17627203       -17.7956600575
1410.67633454       -17.4543285179
1411.17639705       -17.1340332968
1411.67645956       -16.8398841534
1412.17652207       -16.5757012305
1412.67658457       -16.3435888832
1413.17664708       -16.1436367651
1413.67670959       -15.9737455236
1414.1767721       -15.8295758841
1414.6768346       -15.7046290099
1415.17689711       -15.5904761753
1415.67695962       -15.4771596808
1416.17702213       -15.3537782528
1416.67708464       -15.2092455238
1417.17714714       -15.0331716766
1417.67720965       -14.8167750324
1418.17727216       -14.5536973581
1418.67733467       -14.240589987
1419.17739717       -13.8773668377
1419.67745968       -13.4670812229
1420.17752219       -13.0154585276
1420.6775847       -12.5301823306
1421.17764721       -12.0200676296
1421.67770971       -11.4942544008
1422.17777222       -10.9615244895
1422.67783473       -10.4297997681
1423.17789724       -9.90583514473
1423.67795974       -9.3950867499
1424.17802225       -8.90171713049
1424.67808476       -8.42869394693
1425.17814727       -7.9779423433
1425.67820978       -7.55051940915
1426.17827228       -7.14678855317
1426.67833479       -6.76658008816
1427.1783973       -6.40933097195
1427.67845981       -6.07420131309
1428.17852232       -5.76016819519
1428.67858482       -5.46609900475
1429.17864733       -5.19080716937
1429.67870984       -4.93309335881
1430.17877235       -4.69177501903
1430.67883485       -4.46570676633
1431.17889736       -4.25379377144
1431.67895987       -4.05499987167
1432.17902238       -3.86835179624
1432.67908489       -3.69294058654
1433.17914739       -3.52792104219
1433.6792099       -3.37250982197
1434.17927241       -3.22598266869
1434.67933492       -3.08767110287
1435.17939742       -2.95695883521
1435.67945993       -2.83327807493
1436.17952244       -2.7161058572
1436.67958495       -2.60496047258
1437.17964746       -2.49939805161
1437.67970996       -2.39900933624
1438.17977247       -2.30341665466
1438.67983498       -2.21227110493
1439.17989749       -2.1252499458
1439.67996       -2.04205418801
1440.1800225       -1.96240637642
1440.68008501       -1.88604855192
1441.18014752       -1.81274038118
1441.68021003       -1.74225744288
1442.18027253       -1.67438965964
1442.68033504       -1.60893986665
1443.18039755       -1.54572250968
1443.68046006       -1.4845624679
1444.18052257       -1.42529400011
1444.68058507       -1.36775981693
1445.18064758       -1.31181028633
1445.68071009       -1.257302786
1446.1807726       -1.20410122314
1446.6808351       -1.15207575112
1447.18089761       -1.10110272246
1447.68096012       -1.05106492903
1448.18102263       -1.00185219249
1448.68108514       -0.953362379214
1449.18114764       -0.90550292245
1449.68121015       -0.85819293589
1450.18127266       -0.811365991152
1450.68133517       -0.764973598968
1451.18139767       -0.718989368701
1451.68146018       -0.673413711493
1452.18152269       -0.628278788478
1452.6815852       -0.583653184439
1453.18164771       -0.53964552326
1453.68171021       -0.496405976844
1454.18177272       -0.454124433765
1454.68183523       -0.413024104147
1455.18189774       -0.373349673205
1455.68196025       -0.335349868546
1456.18202275       -0.299255451856
1456.68208526       -0.265254978363
1457.18214777       -0.233471797779
1457.68221028       -0.203946232268
1458.18227278       -0.176626325127
1458.68233529       -0.151369012384
1459.1823978       -0.127951441885
1459.68246031       -0.106090125232
1460.18252282       -0.0854642915423
1460.68258532       -0.0657395353856
1461.18264783       -0.0465885198302
1461.68271034       -0.0277067199091
1462.18277285       -0.00882250840972
1462.68283535       0.0102980545542
1463.18289786       0.029850720797
1463.68296037       0.0499955903113
1464.18302288       0.0708614823983
1464.68308539       0.0925511529529
1465.18314789       0.115146637734
1465.6832104       0.138714254928
1466.18327291       0.163309004248
1466.68333542       0.188978244897
1467.18339792       0.215764626044
1467.68346043       0.24370829158
1468.18352294       0.272848397606
1468.68358545       0.303223975967
1469.18364796       0.334874157717
1469.68371046       0.367837741715
1470.18377297       0.402152059228
1470.68383548       0.437851048034
1471.18389799       0.474962412093
1471.6839605       0.513503709329
1472.184023       0.553477186867
1472.68408551       0.594863180448
1473.18414802       0.637611927687
1473.68421053       0.681633734608
1474.18427303       0.726787607638
1474.68433554       0.772868747641
1475.18439805       0.819595720529
1475.68446056       0.866598671245
1476.18452307       0.913410590428
1476.68458557       0.959464260756
1477.18464808       1.00409789757
1477.68471059       1.04657237127
1478.1847731       1.08610196079
1478.6848356       1.12189866633
1479.18489811       1.15322734369
1479.68496062       1.17946589133
1480.18502313       1.20016241095
1480.68508564       1.2150807489
1481.18514814       1.22422776732
1481.68521065       1.22785987815
1482.18527316       1.22647165154
1482.68533567       1.22077403633
1483.18539817       1.21167249394
1483.68546068       1.20025554498
1484.18552319       1.1878021759
1484.6855857       1.17581312494
1485.18564821       1.16606717641
1485.68571071       1.16069981351
1486.18577322       1.16229806794
1486.68583573       1.17400207611
1487.18589824       1.19960069298
1487.68596075       1.24360588495
1488.18602325       1.31128943996
1488.68608576       1.40866720362
1489.18614827       1.54242204321
1489.68621078       1.71976773661
1490.18627328       1.94827081437
1490.68633579       2.23566229922
1491.1863983       2.58968031508
1491.68646081       3.01798138278
1492.18652332       3.52813924465
1492.68658582       4.12771677817
1493.18664833       4.8243558979
1493.68671084       5.62579225092
1494.18677335       6.53967543598
1494.68683585       7.57306832183
1495.18689836       8.73151590756
1495.68696087       10.0176207052
1496.18702338       11.4291447042
1496.68708589       12.9567816756
1497.18714839       14.5819001884
1497.6872109       16.274717748
1498.18727341       17.9934750801
1498.68733592       19.6851673537
1499.18739842       21.2881998722
1499.68746093       22.736963821
1500.18752344       23.9678456187
1500.68758595       24.9257371247
1501.18764846       25.5698731883
1501.68771096       25.877903175
1502.18777347       25.8474994492
1502.68783598       25.4953847152
1503.18789849       24.8542194337
1503.687961       23.9681545606
1504.1880235       22.8879472863
1504.68808601       21.6663942631
1505.18814852       20.3545646054
1505.68821103       18.9990299402
1506.18827353       17.6400714998
1506.68833604       16.3107241849
1507.18839855       15.0364824214
1507.68846106       13.8355087473
1508.18852357       12.7192180862
1508.68858607       11.6931349837
1509.18864858       10.7579303264
1509.68871109       9.91054373847
1510.1887736       9.1452985078
1510.6888361       8.45492551207
1511.18889861       7.83143282413
1511.68896112       7.26678459356
1512.18902363       6.75338034375
1512.68908614       6.28434885556
1513.18914864       5.85368654584
1513.68921115       5.45627814324
1514.18927366       5.08783844928
1514.68933617       4.744809786
1515.18939867       4.42424243769
1515.68946118       4.12367701546
1516.18952369       3.84103984625
1516.6895862       3.57455623909
1517.18964871       3.32268218474
1517.68971121       3.08405256932
1518.18977372       2.85744291197
1518.68983623       2.64174148609
1519.18989874       2.43592903135
1519.68996125       2.2390638077
1520.19002375       2.05027030168
1520.69008626       1.86873037914
1521.19014877       1.69367605841
1521.69021128       1.52438335561
1522.19027378       1.36016684692
1522.69033629       1.20037472099
1523.1903988       1.04438417716
1523.69046131       0.891597075524
1524.19052382       0.741435775656
1524.69058632       0.593339117372
1525.19064883       0.446758506584
1525.69071134       0.30115407347
1526.19077385       0.155990872021
1526.69083635       0.0107350902919
1527.19089886       -0.135149759826
1527.69096137       -0.282206705332
1528.19102388       -0.430989260296
1528.69108639       -0.582065493343
1529.19114889       -0.736022248969
1529.6912114       -0.893469557582
1530.19127391       -1.05504526902
1530.69133642       -1.22141994333
1531.19139892       -1.39330203064
1531.69146143       -1.57144336819
1532.19152394       -1.75664501669
1532.69158645       -1.94976344915
1533.19164896       -2.15171709168
1533.69171146       -2.36349319612
1534.19177397       -2.5861549969
1534.69183648       -2.82084906534
1535.19189899       -3.06881272123
1535.6919615       -3.33138128833
1536.192024       -3.60999488133
1536.69208651       -3.90620427936
1537.19214902       -4.22167526491
1537.69221153       -4.55819057601
1538.19227403       -4.91764831869
1538.69233654       -5.30205530165
1539.19239905       -5.71351326847
1539.69246156       -6.15419540074
1540.19252407       -6.62630974077
1540.69258657       -7.13204534036
1541.19264908       -7.67349601655
1541.69271159       -8.25255566361
1542.1927741       -8.87077828548
1542.6928366       -9.52919553224
1543.19289911       -10.2280849597
1543.69296162       -10.9666840798
1544.19302413       -11.7428493374
1544.69308664       -12.5526663898
1545.19314914       -13.3900294356
1545.69321165       -14.2462233889
1546.19327416       -15.1095629883
1546.69333667       -15.9651651177
1547.19339917       -16.7949495888
1547.69346168       -17.5779710874
1548.19352419       -18.2911704238
1548.6935867       -18.9105871423
1549.19364921       -19.4129949974
1549.69371171       -19.7778166399
1550.19377422       -19.9890698117
1550.69383673       -20.0370314289
1551.19389924       -19.9193124797
1551.69396175       -19.6411290649
1552.19402425       -19.2147135878
1552.69408676       -18.657986795
1553.19414927       -17.9927495948
1553.69421178       -17.2427141836
1554.19427428       -16.431670278
1554.69433679       -15.5819974634
1555.1943993       -14.713626258
1555.69446181       -13.8434523989
1556.19452432       -12.9851409
1556.69458682       -12.1492230156
1557.19464933       -11.34338421
1557.69471184       -10.5728541677
1558.19477435       -9.84083085929
1558.69483685       -9.14889259267
1559.19489936       -8.49737082669
1559.69496187       -7.88567080322
1560.19502438       -7.31253677363
1560.69508689       -6.77626452983
1561.19514939       -6.27486707853
1561.6952119       -5.80620053206
1562.19527441       -5.36805735932
1562.69533692       -4.95823356868
1563.19539942       -4.57457553117
1563.69546193       -4.2150112095
1564.19552444       -3.87756965811
1564.69558695       -3.56039185937
1565.19564946       -3.26173528242
1565.69571196       -2.97997399394
1566.19577447       -2.71359570377
1566.69583698       -2.46119677631
1567.19589949       -2.22147596623
1567.695962       -1.99322742769
1568.1960245       -1.77533338814
1568.69608701       -1.56675675852
1569.19614952       -1.36653386361
1569.69621203       -1.17376741057
1570.19627453       -0.987619766722
1570.69633704       -0.80730658286
1571.19639955       -0.632090774318
1571.69646206       -0.461276854631
1572.19652457       -0.294205605029
1572.69658707       -0.130249054998
1573.19664958       0.0311942559552
1573.69671209       0.190703768412
1574.1967746       0.348841179982
1574.6968371       0.506154545023
1575.19689961       0.663182233576
1575.69696212       0.820456786127
1576.19702463       0.978508700868
1576.69708714       1.13787019025
1577.19714964       1.29907894377
1577.69721215       1.46268193434
1578.19727466       1.62923930619
1578.69733717       1.79932838285
1579.19739967       1.97354783505
1579.69746218       2.15252204929
1580.19752469       2.33690573923
1580.6975872       2.52738884339
1581.19764971       2.72470175381
1581.69771221       2.9296209213
1582.19777472       3.14297488331
1582.69783723       3.36565075974
1583.19789974       3.59860126025
1583.69796225       3.84285224226
1584.19802475       4.09951085174
1584.69808726       4.36977426731
1585.19814977       4.65493905047
1585.69821228       4.95641107908
1586.19827478       5.27571600343
1586.69833729       5.61451011239
1587.1983998       5.9745914231
1587.69846231       6.35791070803
1588.19852482       6.7665820361
1588.69858732       7.20289222119
1589.19864983       7.66930832626
1589.69871234       8.1684820485
1590.19877485       8.70324938856
1590.69883735       9.27662346356
1591.19889986       9.89177763166
1591.69896237       10.5520152341
1592.19902488       11.2607212095
1592.69908739       12.0212895954
1593.19914989       12.837019537
1593.6992124       13.710970958
1594.19927491       14.6457697074
1594.69933742       15.6433510998
1595.19939993       16.7046308593
1595.69946243       17.8290943689
1596.19952494       19.0142999387
1596.69958745       20.2553009577
1597.19964996       21.5440068069
1597.69971246       22.868524481
1598.19977497       24.2125520525
1598.69983748       25.5549290893
1599.19989999       26.8694817767
1599.6999625       28.1253207957
1600.200025       29.2877426177
1600.70008751       30.3198336051
1601.20015002       31.1847714539
1601.70021253       31.8486666836
1602.20027503       32.2836185356
1602.70033754       32.470527257
1603.20040005       32.4011665419
1603.70046256       32.079112382
1604.20052507       31.51933799
1604.70058757       30.7465584914
1605.20065008       29.7926561915
1605.70071259       28.6936621149
1606.2007751       27.4867811987
1606.7008376       26.2078472478
1607.20090011       24.889432613
1607.70096262       23.5596740711
1608.20102513       22.241750791
1608.70108764       20.9538781101
1609.20115014       19.7096577543
1609.70121265       18.5186363952
1610.20127516       17.3869537641
1610.70133767       16.3179959781
1611.20140018       15.313001287
1611.70146268       14.3715904551
1612.20152519       13.4922117104
1612.7015877       12.6725015085
1613.20165021       11.9095687132
1613.70171271       11.2002127036
1614.20177522       10.5410866086
1614.70183773       9.9288162929
1615.20190024       9.36008450394
1615.70196275       8.83168814374
1616.20202525       8.34057519461
1616.70208776       7.88386651785
1617.20215027       7.45886661906
1617.70221278       7.06306653812
1618.20227528       6.69414126685
1618.70233779       6.34994349922
1619.2024003       6.02849505385
1619.70246281       5.72797695189
1620.20252532       5.4467188629
1620.70258782       5.18318843034
1621.20265033       4.93598083988
1621.70271284       4.70380888662
1622.20277535       4.48549372215
1622.70283785       4.27995640966
1623.20290036       4.08621037997
1623.70296287       3.90335485569
1624.20302538       3.73056928949
1624.70308789       3.56710883838
1625.20315039       3.41230086103
1625.7032129       3.26554237092
1626.20327541       3.12629829543
1626.70333792       2.99410027329
1627.20340043       2.8685455701
1627.70346293       2.74929551658
1628.20352544       2.63607271085
1628.70358795       2.52865613228
1629.20365046       2.42687337205
1629.70371296       2.33058947526
1630.20377547       2.23969245786
1630.70383798       2.15407636319
1631.20390049       2.07362359043
1631.703963       1.99818888183
1632.2040255       1.92758750046
1632.70408801       1.861589594
1633.20415052       1.79992159638
1633.70421303       1.74227409914
1634.20427553       1.68831438236
1634.70433804       1.63770110579
1635.20440055       1.59009865973
1635.70446306       1.54518923844
1636.20452557       1.50268154416
1636.70458807       1.46231586386
1637.20465058       1.42386588793
1637.70471309       1.38713798849
1638.2047756       1.35196877655
1638.7048381       1.31822168778
1639.20490061       1.28578319124
1639.70496312       1.25455903791
1640.20502563       1.22447080586
1640.70508814       1.19545287335
1641.20515064       1.16744986292
1641.70521315       1.14041454423
1642.20527566       1.11430615236
1642.70533817       1.08908906496
1643.20540068       1.06473177884
1643.70546318       1.04120613032
1644.20552569       1.01848670993
1644.7055882       0.996550430269
1645.20565071       0.97537621259
1645.70571321       0.954944765177
1646.20577572       0.93523843186
1646.70583823       0.916241094099
1647.20590074       0.897938113815
1647.70596325       0.880316307155
1648.20602575       0.863363941647
1648.70608826       0.847070750855
1649.20615077       0.831427961756
1649.70621328       0.816428330693
1650.20627578       0.802066183989
1650.70633829       0.788337459037
1651.2064008       0.775239741084
1651.70646331       0.762772289683
1652.20652582       0.750936047144
1652.70658832       0.739733618851
1653.20665083       0.729169212163
1653.70671334       0.719248516463
1654.20677585       0.709978501761
1654.70683835       0.701367106854
1655.20690086       0.693422780558
1655.70696337       0.686153831036
1656.20702588       0.679567529383
1656.70708839       0.673668905476
1657.20715089       0.668459168743
1657.7072134       0.663933687203
1658.20727591       0.6600794698
1658.70733842       0.656872126675
1659.20740093       0.654272338063
1659.70746343       0.65222195435
1660.20752594       0.650639984588
1660.70758845       0.649418908719
1661.20765096       0.648421955371
1661.70771346       0.647482184849
1662.20777597       0.64640433838
1662.70783848       0.644970366348
1663.20790099       0.642949231943
1663.7079635       0.640110944523
1664.208026       0.636243851171
1664.70808851       0.631173192875
1665.20815102       0.624778133818
1665.70821353       0.617004251414
1666.20827603       0.607869049387
1666.70833854       0.597459361974
1667.20840105       0.585921183866
1667.70846356       0.573443955074
1668.20852607       0.560242198112
1668.70858857       0.546537463487
1669.20865108       0.532542915769
1669.70871359       0.518451910701
1670.2087761       0.504430922725
1670.7088386       0.490616423976
1671.20890111       0.477114882517
1671.70896362       0.464004911324
1672.20902613       0.45134067042
1672.70908864       0.439155803682
1673.20915114       0.427467401138
1673.70921365       0.416279668714
1674.20927616       0.405587138647
1674.70933867       0.39537736073
1675.20940118       0.385633082782
1675.70946368       0.376333966937
1676.20952619       0.367457905743
1676.7095887       0.358982006104
1677.20965121       0.350883305513
1677.70971371       0.343139277606
1678.20977622       0.335728175263
1678.70983873       0.328629250779
1679.20990124       0.321822884693
1679.70996375       0.315290648019
1680.21002625       0.309015316953
1680.71008876       0.302980854587
1681.21015127       0.297172370466
1681.71021378       0.291576066064
1682.21027628       0.28617917203
1682.71033879       0.280969881424
1683.2104013       0.275937281911
1683.71046381       0.271071288947
1684.21052632       0.266362581321
1684.71058882       0.261802539886
1685.21065133       0.257383189992
1685.71071384       0.253097147842
1686.21077635       0.248937570823
1686.71083885       0.244898111758
1687.21090136       0.24097287692
1687.71096387       0.237156387611
1688.21102638       0.233443545091
1688.71108889       0.229829598611
1689.21115139       0.226310116305
1689.7112139       0.222880958716
1690.21127641       0.219538254729
1690.71133892       0.216278379687
1691.21140143       0.213097935509
1691.71146393       0.209993732606
1692.21152644       0.206962773443
1692.71158895       0.204002237582
1693.21165146       0.201109468064
1693.71171396       0.198281959016
1694.21177647       0.19551734434
1694.71183898       0.192813387407
1695.21190149       0.190167971645
1695.711964       0.187579091937
1696.2120265       0.18504484676
1696.71208901       0.182563430977
1697.21215152       0.180133129249
1697.71221403       0.177752309976
1698.21227653       0.175419419747
1698.71233904       0.173132978233
1699.21240155       0.170891573486
1699.71246406       0.168693857617
1700.21252657       0.166538542808
1700.71258907       0.164424397627
1701.21265158       0.162350243634
1701.71271409       0.160314952233
1702.2127766       0.15831744176
1702.7128391       0.156356674792
1703.21290161       0.154431655636
1703.71296412       0.152541428013
1704.21302663       0.150685072897
1704.71308914       0.1488617065
1705.21315164       0.147070478411
1705.71321415       0.14531056984
1706.21327666       0.143581192
1706.71333917       0.14188158458
1707.21340168       0.140211014325
1707.71346418       0.138568773709
1708.21352669       0.136954179683
1708.7135892       0.13536657251
1709.21365171       0.133805314671
1709.71371421       0.132269789831
1710.21377672       0.130759401876
1710.71383923       0.129273573996
1711.21390174       0.127811747835
1711.71396425       0.126373382681
1712.21402675       0.124957954702
1712.71408926       0.123564956227
1713.21415177       0.122193895072
1713.71421428       0.120844293892
1714.21427678       0.119515689575
1714.71433929       0.118207632671
1715.2144018       0.116919686844
1715.71446431       0.115651428353
1716.21452682       0.114402445567
1716.71458932       0.1131723385
1717.21465183       0.111960718365
1717.71471434       0.110767207155
1718.21477685       0.109591437246
1718.71483935       0.108433051015
1719.21490186       0.107291700479
1719.71496437       0.106167046947
1720.21502688       0.105058760694
1720.71508939       0.103966520645
1721.21515189       0.102890014077
1721.7152144       0.101828936331
1722.21527691       0.100782990539
1722.71533942       0.0997518873619
1723.21540193       0.0987353447406
1723.71546443       0.0977330876554
1724.21552694       0.0967448478965
1724.71558945       0.0957703638445
1725.21565196       0.0948093802599
1725.71571446       0.0938616480807
1726.21577697       0.0929269242288
1726.71583948       0.0920049714239
1727.21590199       0.0910955580049
1727.7159645       0.0901984577582
1728.216027       0.0893134497529
1728.71608951       0.0884403181822
1729.21615202       0.0875788522108
1729.71621453       0.0867288458282
1730.21627703       0.0858900977077
1730.71633954       0.0850624110701
1731.21640205       0.0842455935526
1731.71646456       0.0834394570831
1732.21652707       0.082643817758
1732.71658957       0.0818584957251
1733.21665208       0.0810833150703
1733.71671459       0.0803181037089
1734.2167771       0.0795626932793
1734.7168396       0.0788169190423
1735.21690211       0.0780806197819
1735.71696462       0.077353637711
1736.21702713       0.0766358183794
1736.71708964       0.0759270105851
1737.21715214       0.075227066289
1737.71721465       0.0745358405311
1738.21727716       0.0738531913512
1738.71733967       0.0731789797108
1739.21740218       0.0725130694181
1739.71746468       0.071855327055
1740.21752719       0.0712056219072
1740.7175897       0.0705638258956
1741.21765221       0.0699298135102
1741.71771471       0.0693034617461
1742.21777722       0.0686846500416
1742.71783973       0.0680732602177
1743.21790224       0.06746917642
1743.71796475       0.0668722850618
1744.21802725       0.0662824747695
1744.71808976       0.0656996363289
1745.21815227       0.065123662634
1745.71821478       0.0645544486364
1746.21827728       0.0639918912967
1746.71833979       0.0634358895369
1747.2184023       0.062886344195
1747.71846481       0.0623431579799
1748.21852732       0.0618062354277
1748.71858982       0.0612754828606
1749.21865233       0.0607508083445
1749.71871484       0.0602321216504
1750.21877735       0.059719334215
