   935.86698338	     0.07108035
   936.35954494	     0.06882100
   936.85210651	     0.06656700
   937.34466808	     0.06436759
   937.83722966	     0.06226107
   938.32979122	     0.06027588
   938.82235279	     0.05843199
   939.31491436	     0.05674242
   939.80747594	     0.05521471
   940.30003751	     0.05385224
   940.79259907	     0.05265530
   941.28516064	     0.05162209
   941.77772222	     0.05074945
   942.27028379	     0.05003341
   942.76284536	     0.04946968
   943.25540692	     0.04905400
   943.74796850	     0.04878234
   944.24053007	     0.04865115
   944.73309164	     0.04865745
   945.22565320	     0.04879893
   945.71821477	     0.04907402
   946.21077635	     0.04948194
   946.70333792	     0.05002273
   947.19589948	     0.05069726
   947.68846105	     0.05150725
   948.18102263	     0.05245525
   948.67358420	     0.05354466
   949.16614577	     0.05477970
   949.65870733	     0.05616538
   950.15126891	     0.05770744
   950.64383048	     0.05941227
   951.13639205	     0.06128683
   951.62895362	     0.06333844
   952.12151519	     0.06557459
   952.61407676	     0.06800266
   953.10663833	     0.07062952
   953.59919990	     0.07346110
   954.09176148	     0.07650179
   954.58432304	     0.07975378
   955.07688461	     0.08321636
   955.56944618	     0.08688505
   956.06200775	     0.09075092
   956.55456932	     0.09479981
   957.04713089	     0.09901191
   957.53969246	     0.10336143
   958.03225403	     0.10781661
   958.52481560	     0.11234006
   959.01737717	     0.11688915
   959.50993874	     0.12141650
   960.00250031	     0.12587029
   960.49506189	     0.13019447
   960.98762345	     0.13432891
   961.48018502	     0.13820990
   961.97274659	     0.14177136
   962.46530817	     0.14494746
   962.95786974	     0.14767658
   963.45043130	     0.14990662
   963.94299287	     0.15160075
   964.43555445	     0.15274268
   964.92811602	     0.15334005
   965.42067758	     0.15342520
   965.91323915	     0.15305283
   966.40580073	     0.15229506
   966.89836230	     0.15123469
   967.39092387	     0.14995808
   967.88348543	     0.14854869
   968.37604700	     0.14708233
   968.86860858	     0.14562445
   969.36117015	     0.14422947
   969.85373172	     0.14294180
   970.34629328	     0.14179796
   970.83885486	     0.14082913
   971.33141643	     0.14006335
   971.82397800	     0.13952728
   972.31653956	     0.13924683
   972.80910114	     0.13924708
   973.30166271	     0.13955136
   973.79422428	     0.14017986
   974.28678584	     0.14114800
   974.77934742	     0.14246462
   975.27190899	     0.14413032
   975.76447056	     0.14613575
   976.25703213	     0.14846009
   976.74959370	     0.15106971
   977.24215527	     0.15391723
   977.73471684	     0.15694115
   978.22727841	     0.16006653
   978.71983998	     0.16320697
   979.21240155	     0.16626835
   979.70496312	     0.16915424
   980.19752469	     0.17177303
   980.69008626	     0.17404581
   981.18264783	     0.17591432
   981.67520940	     0.17734730
   982.16777097	     0.17834445
   982.66033254	     0.17893696
   983.15289412	     0.17918463
   983.64545568	     0.17917024
   984.13801725	     0.17899219
   984.63057882	     0.17875672
   985.12314040	     0.17857088
   985.61570196	     0.17853701
   986.10826353	     0.17874902
   986.60082510	     0.17929054
   987.09338668	     0.18023450
   987.58594825	     0.18164387
   988.07850981	     0.18357310
   988.57107138	     0.18606993
   989.06363295	     0.18917730
   989.55619453	     0.19293520
   990.04875610	     0.19738237
   990.54131766	     0.20255778
   991.03387923	     0.20850181
   991.52644081	     0.21525736
   992.01900238	     0.22287050
   992.51156394	     0.23139110
   993.00412551	     0.24087308
   993.49668709	     0.25137440
   993.98924866	     0.26295682
   994.48181023	     0.27568515
   994.97437179	     0.28962605
   995.46693337	     0.30484621
   995.95949494	     0.32140964
   996.45205651	     0.33937404
   996.94461807	     0.35878575
   997.43717965	     0.37967323
   997.92974122	     0.40203862
   998.42230279	     0.42584724
   998.91486436	     0.45101479
   999.40742592	     0.47739248
   999.89998750	     0.50475037
  1000.39254907	     0.53276006
  1000.88511064	     0.56097842
  1001.37767220	     0.58883492
  1001.87023378	     0.61562633
  1002.36279535	     0.64052265
  1002.85535692	     0.66258878
  1003.34791849	     0.68082481
  1003.84048006	     0.69422577
  1004.33304163	     0.70185753
  1004.82560320	     0.70294136
  1005.31816477	     0.69693558
  1005.81072635	     0.68360116
  1006.30328791	     0.66303960
  1006.79584948	     0.63569641
  1007.28841105	     0.60233014
  1007.78097263	     0.56395378
  1008.27353419	     0.52175902
  1008.76609576	     0.47703507
  1009.25865733	     0.43109133
  1009.75121890	     0.38518935
  1010.24378048	     0.34048634
  1010.73634204	     0.29799010
  1011.22890361	     0.25852476
  1011.72146518	     0.22270768
  1012.21402676	     0.19093854
  1012.70658832	     0.16340208
  1013.19914989	     0.14008483
  1013.69171146	     0.12080457
  1014.18427304	     0.10524886
  1014.67683461	     0.09301771
  1015.16939617	     0.08366533
  1015.66195774	     0.07673642
  1016.15451932	     0.07179453
  1016.64708089	     0.06844140
  1017.13964245	     0.06632797
  1017.63220402	     0.06515851
  1018.12476560	     0.06468971
  1018.61732717	     0.06472647
  1019.10988874	     0.06511602
  1019.60245030	     0.06574136
  1020.09501187	     0.06651483
  1020.58757345	     0.06737227
  1021.08013502	     0.06826787
  1021.57269659	     0.06916996
  1022.06525815	     0.07005750
  1022.55781973	     0.07091733
  1023.05038130	     0.07174209
  1023.54294287	     0.07252856
  1024.03550443	     0.07327658
  1024.52806601	     0.07398820
  1025.02062758	     0.07466726
  1025.51318915	     0.07531920
  1026.00575072	     0.07595112
  1026.49831229	     0.07657216
  1026.99087386	     0.07719413
  1027.48343543	     0.07783239
  1027.97599700	     0.07850724
  1028.46855857	     0.07924551
  1028.96112014	     0.08008276
  1029.45368171	     0.08106593
  1029.94624328	     0.08225643
  1030.43880485	     0.08373381
  1030.93136642	     0.08559966
  1031.42392799	     0.08798159
  1031.91648956	     0.09103685
  1032.40905113	     0.09495486
  1032.90161270	     0.09995783
  1033.39417427	     0.10629854
  1033.88673584	     0.11425418
  1034.37929741	     0.12411576
  1034.87185899	     0.13617285
  1035.36442055	     0.15069459
  1035.85698212	     0.16790857
  1036.34954369	     0.18798029
  1036.84210527	     0.21099582
  1037.33466684	     0.23694999
  1037.82722840	     0.26574119
  1038.31978997	     0.29717260
  1038.81235155	     0.33095826
  1039.30491312	     0.36673240
  1039.79747468	     0.40406027
  1040.29003625	     0.44245024
  1040.78259782	     0.48136779
  1041.27515940	     0.52025290
  1041.76772097	     0.55854232
  1042.26028253	     0.59569703
  1042.75284410	     0.63123331
  1043.24540568	     0.66475338
  1043.73796725	     0.69596965
  1044.23052881	     0.72471618
  1044.72309038	     0.75094200
  1045.21565196	     0.77468417
  1045.70821353	     0.79602244
  1046.20077510	     0.81502095
  1046.69333666	     0.83166541
  1047.18589824	     0.84580506
  1047.67845981	     0.85710853
  1048.17102138	     0.86504156
  1048.66358294	     0.86887286
  1049.15614452	     0.86771216
  1049.64870609	     0.86058104
  1050.14126766	     0.84651299
  1050.63382923	     0.82467328
  1051.12639079	     0.79448428
  1051.61895237	     0.75573759
  1052.11151394	     0.70867446
  1052.60407551	     0.65402002
  1053.09663708	     0.59296425
  1053.58919865	     0.52709201
  1054.08176022	     0.45827196
  1054.57432179	     0.38851929
  1055.06688336	     0.31984861
  1055.55944493	     0.25413252
  1056.05200650	     0.19297939
  1056.54456807	     0.13764143
  1057.03712964	     0.08896075
  1057.52969122	     0.04735688
  1058.02225278	     0.01285396
  1058.51481435	    -0.01485980
  1059.00737592	    -0.03635174
  1059.49993750	    -0.05235666
  1059.99249906	    -0.06369296
  1060.48506063	    -0.07119190
  1060.97762220	    -0.07564456
  1061.47018377	    -0.07776736
  1061.96274535	    -0.07818421
  1062.45530691	    -0.07742168
  1062.94786848	    -0.07591345
  1063.44043005	    -0.07401034
  1063.93299163	    -0.07199299
  1064.42555319	    -0.07008516
  1064.91811476	    -0.06846610
  1065.41067633	    -0.06728113
  1065.90323791	    -0.06664984
  1066.39579948	    -0.06667187
  1066.88836104	    -0.06743033
  1067.38092261	    -0.06899322
  1067.87348419	    -0.07141358
  1068.36604576	    -0.07472902
  1068.85860733	    -0.07896163
  1069.35116889	    -0.08411864
  1069.84373047	    -0.09019454
  1070.33629204	    -0.09717424
  1070.82885361	    -0.10503726
  1071.32141517	    -0.11376223
  1071.81397674	    -0.12333111
  1072.30653832	    -0.13373287
  1072.79909989	    -0.14496615
  1073.29166146	    -0.15704110
  1073.78422302	    -0.16998027
  1074.27678460	    -0.18381885
  1074.76934617	    -0.19860445
  1075.26190774	    -0.21439651
  1075.75446930	    -0.23126551
  1076.24703088	    -0.24929195
  1076.73959245	    -0.26856525
  1077.23215402	    -0.28918229
  1077.72471559	    -0.31124564
  1078.21727716	    -0.33486125
  1078.70983873	    -0.36013537
  1079.20240030	    -0.38717047
  1079.69496187	    -0.41605975
  1080.18752344	    -0.44688008
  1080.68008501	    -0.47968276
  1081.17264658	    -0.51448194
  1081.66520815	    -0.55124028
  1082.15776972	    -0.58985196
  1082.65033129	    -0.63012315
  1083.14289286	    -0.67175091
  1083.63545443	    -0.71430218
  1084.12801600	    -0.75719538
  1084.62057758	    -0.79968858
  1085.11313914	    -0.84087879
  1085.60570071	    -0.87971769
  1086.09826228	    -0.91504821
  1086.59082386	    -0.94566427
  1087.08338542	    -0.97039192
  1087.57594699	    -0.98818518
  1088.06850856	    -0.99822416
  1088.56107014	    -1.00000000
  1089.05363171	    -0.99337108
  1089.54619327	    -0.97857944
  1090.03875484	    -0.95622410
  1090.53131642	    -0.92719700
  1091.02387799	    -0.89259424
  1091.51643955	    -0.85361851
  1092.00900112	    -0.81148781
  1092.50156270	    -0.76736095
  1092.99412427	    -0.72228529
  1093.48668584	    -0.67716679
  1093.97924740	    -0.63275918
  1094.47180897	    -0.58966687
  1094.96437055	    -0.54835656
  1095.45693212	    -0.50917267
  1095.94949368	    -0.47235345
  1096.44205525	    -0.43804589
  1096.93461683	    -0.40631866
  1097.42717840	    -0.37717356
  1097.91973997	    -0.35055596
  1098.41230153	    -0.32636499
  1098.90486311	    -0.30446382
  1099.39742468	    -0.28468977
  1099.88998625	    -0.26686399
  1100.38254782	    -0.25079984
  1100.87510939	    -0.23630960
  1101.36767096	    -0.22320918
  1101.86023253	    -0.21132080
  1102.35279410	    -0.20047401
  1102.84535567	    -0.19050560
  1103.33791724	    -0.18125891
  1103.83047881	    -0.17258331
  1104.32304038	    -0.16433428
  1104.81560195	    -0.15637455
  1105.30816352	    -0.14857635
  1105.80072509	    -0.14082473
  1106.29328666	    -0.13302125
  1106.78584823	    -0.12508747
  1107.27840980	    -0.11696723
  1107.77097137	    -0.10862726
  1108.26353294	    -0.10005562
  1108.75609451	    -0.09125826
  1109.24865609	    -0.08225414
  1109.74121765	    -0.07306977
  1110.23377922	    -0.06373390
  1110.72634079	    -0.05427298
  1111.21890237	    -0.04470780
  1111.71146394	    -0.03505131
  1112.20402550	    -0.02530747
  1112.69658707	    -0.01547106
  1113.18914865	    -0.00552799
  1113.68171022	     0.00454399
  1114.17427178	     0.01477448
  1114.66683335	     0.02519951
  1115.15939492	     0.03586077
  1115.65195650	     0.04680480
  1116.14451807	     0.05808237
  1116.63707963	     0.06974778
  1117.12964120	     0.08185821
  1117.62220278	     0.09447300
  1118.11476435	     0.10765264
  1118.60732591	     0.12145763
  1119.09988748	     0.13594680
  1119.59244906	     0.15117516
  1120.08501063	     0.16719102
  1120.57757220	     0.18403221
  1121.07013376	     0.20172127
  1121.56269534	     0.22025944
  1122.05525691	     0.23961934
  1122.54781848	     0.25973648
  1123.04038004	     0.28049981
  1123.53294162	     0.30174193
  1124.02550319	     0.32322995
  1124.51806476	     0.34465857
  1125.01062633	     0.36564745
  1125.50318789	     0.38574502
  1125.99574947	     0.40444125
  1126.48831104	     0.42119080
  1126.98087261	     0.43544658
  1127.47343418	     0.44670174
  1127.96599575	     0.45453519
  1128.45855732	     0.45865408
  1128.95111889	     0.45892576
  1129.44368046	     0.45539310
  1129.93624203	     0.44826990
  1130.42880360	     0.43791749
  1130.92136517	     0.42480717
  1131.41392674	     0.40947543
  1131.90648832	     0.39247936
  1132.39904988	     0.37435806
  1132.89161145	     0.35560372
  1133.38417302	     0.33664336
  1133.87673460	     0.31783033
  1134.36929616	     0.29944385
  1134.86185773	     0.28169384
  1135.35441930	     0.26472914
  1135.84698087	     0.24864717
  1136.33954245	     0.23350366
  1136.83210401	     0.21932185
  1137.32466558	     0.20610045
  1137.81722715	     0.19382048
  1138.30978873	     0.18245074
  1138.80235029	     0.17195222
  1139.29491186	     0.16228146
  1139.78747343	     0.15339317
  1140.28003501	     0.14524215
  1140.77259658	     0.13778472
  1141.26515814	     0.13097982
  1141.75771971	     0.12478977
  1142.25028129	     0.11918090
  1142.74284286	     0.11412408
  1143.23540443	     0.10959516
  1143.72796599	     0.10557538
  1144.22052757	     0.10205182
  1144.71308914	     0.09901772
  1145.20565071	     0.09647289
  1145.69821227	     0.09442375
  1146.19077384	     0.09288329
  1146.68333542	     0.09187037
  1147.17589699	     0.09140836
  1147.66845856	     0.09152280
  1148.16102012	     0.09223779
  1148.65358170	     0.09357102
  1149.14614327	     0.09552754
  1149.63870484	     0.09809267
  1150.13126640	     0.10122468
  1150.62382798	     0.10484852
  1151.11638955	     0.10885167
  1151.60895112	     0.11308356
  1152.10151269	     0.11735934
  1152.59407426	     0.12146868
  1153.08663583	     0.12518889
  1153.57919740	     0.12830162
  1154.07175897	     0.13061084
  1154.56432054	     0.13195977
  1155.05688211	     0.13224425
  1155.54944368	     0.13142018
  1156.04200525	     0.12950426
  1156.53456682	     0.12656792
  1157.02712839	     0.12272602
  1157.51968996	     0.11812255
  1158.01225153	     0.11291577
  1158.50481310	     0.10726485
  1158.99737468	     0.10131932
  1159.48993624	     0.09521192
  1159.98249781	     0.08905473
  1160.47505938	     0.08293793
  1160.96762096	     0.07693061
  1161.46018252	     0.07108275
  1161.95274409	     0.06542787
  1162.44530566	     0.05998593
  1162.93786724	     0.05476597
  1163.43042881	     0.04976862
  1163.92299037	     0.04498818
  1164.41555194	     0.04041432
  1164.90811352	     0.03603348
  1165.40067509	     0.03182989
  1165.89323665	     0.02778643
  1166.38579822	     0.02388516
  1166.87835979	     0.02010779
  1167.37092137	     0.01643595
  1167.86348294	     0.01285142
  1168.35604450	     0.00933626
  1168.84860607	     0.00587289
  1169.34116765	     0.00244422
  1169.83372922	    -0.00096631
  1170.32629078	    -0.00437460
  1170.81885235	    -0.00779576
  1171.31141393	    -0.01124388
  1171.80397550	    -0.01473178
  1172.29653707	    -0.01827060
  1172.78909863	    -0.02186932
  1173.28166021	    -0.02553407
  1173.77422178	    -0.02926743
  1174.26678335	    -0.03306743
  1174.75934492	    -0.03692662
  1175.25190649	    -0.04083099
  1175.74446806	    -0.04475908
  1176.23702963	    -0.04868131
  1176.72959120	    -0.05255992
  1177.22215276	    -0.05634955
  1177.71471434	    -0.05999898
  1178.20727591	    -0.06345392
  1178.69983748	    -0.06666102
  1179.19239905	    -0.06957259
  1179.68496062	    -0.07215172
  1180.17752219	    -0.07437674
  1180.67008376	    -0.07624453
  1181.16264533	    -0.07777172
  1181.65520690	    -0.07899385
  1182.14776847	    -0.07996245
  1182.64033004	    -0.08074078
  1183.13289161	    -0.08139889
  1183.62545319	    -0.08200894
  1184.11801475	    -0.08264122
  1184.61057632	    -0.08336138
  1185.10313789	    -0.08422871
  1185.59569947	    -0.08529557
  1186.08826103	    -0.08660759
  1186.58082260	    -0.08820443
  1187.07338417	    -0.09012087
  1187.56594574	    -0.09238800
  1188.05850732	    -0.09503442
  1188.55106888	    -0.09808734
  1189.04363045	    -0.10157355
  1189.53619202	    -0.10552021
  1190.02875360	    -0.10995546
  1190.52131517	    -0.11490885
  1191.01387673	    -0.12041159
  1191.50643830	    -0.12649652
  1191.99899988	    -0.13319793
  1192.49156145	    -0.14055101
  1192.98412301	    -0.14859095
  1193.47668458	    -0.15735165
  1193.96924616	    -0.16686381
  1194.46180773	    -0.17715235
  1194.95436930	    -0.18823305
  1195.44693086	    -0.20010817
  1195.93949244	    -0.21276104
  1196.43205401	    -0.22614943
  1196.92461558	    -0.24019785
  1197.41717714	    -0.25478899
  1197.90973872	    -0.26975469
  1198.40230029	    -0.28486744
  1198.89486186	    -0.29983347
  1199.38742343	    -0.31428914
  1199.87998499	    -0.32780240
  1200.37254657	    -0.33988115
  1200.86510814	    -0.34998960
  1201.35766971	    -0.35757289
  1201.85023127	    -0.36208874
  1202.34279285	    -0.36304341
  1202.83535442	    -0.36002838
  1203.32791599	    -0.35275425
  1203.82047756	    -0.34107895
  1204.31303913	    -0.32502916
  1204.80560070	    -0.30481431
  1205.29816227	    -0.28083302
  1205.79072384	    -0.25367010
  1206.28328542	    -0.22408124
  1206.77584698	    -0.19296169
  1207.26840855	    -0.16129701
  1207.76097012	    -0.13009769
  1208.25353169	    -0.10032429
  1208.74609326	    -0.07281361
  1209.23865483	    -0.04821808
  1209.73121640	    -0.02696801
  1210.22377797	    -0.00926183
  1210.71633955	     0.00491684
  1211.20890111	     0.01576156
  1211.70146268	     0.02359397
  1212.19402425	     0.02881255
  1212.68658583	     0.03184641
  1213.17914739	     0.03311875
  1213.67170896	     0.03302130
  1214.16427053	     0.03189931
  1214.65683211	     0.03004501
  1215.14939368	     0.02769737
  1215.64195524	     0.02504585
  1216.13451681	     0.02223624
  1216.62707839	     0.01937747
  1217.11963996	     0.01654829
  1217.61220152	     0.01380338
  1218.10476309	     0.01117878
  1218.59732467	     0.00869627
  1219.08988624	     0.00636708
  1219.58244781	     0.00419473
  1220.07500937	     0.00217732
  1220.56757094	     0.00030918
  1221.06013252	    -0.00141778
  1221.55269409	    -0.00301314
  1222.04525566	    -0.00448730
  1222.53781722	    -0.00585095
  1223.03037880	    -0.00711477
  1223.52294037	    -0.00828918
  1224.01550194	    -0.00938422
  1224.50806350	    -0.01040942
  1225.00062508	    -0.01137383
  1225.49318665	    -0.01228596
  1225.98574822	    -0.01315383
  1226.47830979	    -0.01398498
  1226.97087136	    -0.01478650
  1227.46343293	    -0.01556509
  1227.95599450	    -0.01632713
  1228.44855607	    -0.01707866
  1228.94111764	    -0.01782548
  1229.43367921	    -0.01857319
  1229.92624078	    -0.01932718
  1230.41880235	    -0.02009271
  1230.91136392	    -0.02087493
  1231.40392549	    -0.02167885
  1231.89648706	    -0.02250938
  1232.38904863	    -0.02337131
  1232.88161020	    -0.02426923
  1233.37417177	    -0.02520750
  1233.86673334	    -0.02619015
  1234.35929491	    -0.02722069
  1234.85185648	    -0.02830194
  1235.34441806	    -0.02943577
  1235.83697962	    -0.03062275
  1236.32954119	    -0.03186172
  1236.82210276	    -0.03314937
  1237.31466434	    -0.03447964
  1237.80722591	    -0.03584320
  1238.29978747	    -0.03722693
  1238.79234904	    -0.03861351
  1239.28491062	    -0.03998128
  1239.77747219	    -0.04130450
  1240.27003375	    -0.04255406
  1240.76259532	    -0.04369889
  1241.25515689	    -0.04470797
  1241.74771847	    -0.04555284
  1242.24028004	    -0.04621044
  1242.73284160	    -0.04666579
  1243.22540317	    -0.04691416
  1243.71796475	    -0.04696232
  1244.21052632	    -0.04682873
  1244.70308788	    -0.04654256
  1245.19564945	    -0.04614204
  1245.68821103	    -0.04567217
  1246.18077260	    -0.04518251
  1246.67333417	    -0.04472511
  1247.16589573	    -0.04435285
  1247.65845731	    -0.04411824
  1248.15101888	    -0.04407251
  1248.64358045	    -0.04426509
  1249.13614201	    -0.04474323
  1249.62870359	    -0.04555189
  1250.12126516	    -0.04673387
  1250.61382673	    -0.04833017
  1251.10638830	    -0.05038046
  1251.59894986	    -0.05292356
  1252.09151144	    -0.05599761
  1252.58407301	    -0.05963969
  1253.07663458	    -0.06388468
  1253.56919615	    -0.06876327
  1254.06175772	    -0.07429932
  1254.55431929	    -0.08050680
  1255.04688086	    -0.08738661
  1255.53944243	    -0.09492353
  1256.03200400	    -0.10308336
  1256.52456557	    -0.11181015
  1257.01712714	    -0.12102318
  1257.50968871	    -0.13061356
  1258.00225029	    -0.14044032
  1258.49481185	    -0.15032622
  1258.98737342	    -0.16005405
  1259.47993499	    -0.16936450
  1259.97249657	    -0.17795710
  1260.46505813	    -0.18549593
  1260.95761970	    -0.19162142
  1261.45018127	    -0.19596915
  1261.94274284	    -0.19819506
  1262.43530442	    -0.19800520
  1262.92786598	    -0.19518637
  1263.42042755	    -0.18963345
  1263.91298912	    -0.18136881
  1264.40555070	    -0.17055093
  1264.89811227	    -0.15747132
  1265.39067383	    -0.14254094
  1265.88323540	    -0.12626943
  1266.37579698	    -0.10924037
  1266.86835855	    -0.09208545
  1267.36092011	    -0.07545872
  1267.85348168	    -0.06001071
  1268.34604326	    -0.04636121
  1268.83860483	    -0.03506975
  1269.33116640	    -0.02660388
  1269.82372796	    -0.02130707
  1270.31628954	    -0.01936992
  1270.80885111	    -0.02080933
  1271.30141268	    -0.02545986
  1271.79397424	    -0.03298014
  1272.28653581	    -0.04287466
  1272.77909739	    -0.05452892
  1273.27165896	    -0.06725430
  1273.76422053	    -0.08033785
  1274.25678209	    -0.09309241
  1274.74934367	    -0.10490250
  1275.24190524	    -0.11526196
  1275.73446681	    -0.12379991
  1276.22702837	    -0.13029277
  1276.71958995	    -0.13466176
  1277.21215152	    -0.13695728
  1277.70471309	    -0.13733354
  1278.19727466	    -0.13601793
  1278.68983623	    -0.13327981
  1279.18239780	    -0.12940251
  1279.67495937	    -0.12466114
  1280.16752094	    -0.11930699
  1280.66008252	    -0.11355842
  1281.15264408	    -0.10759708
  1281.64520565	    -0.10156803
  1282.13776722	    -0.09558257
  1282.63032879	    -0.08972233
  1283.12289036	    -0.08404404
  1283.61545193	    -0.07858417
  1284.10801350	    -0.07336316
  1284.60057507	    -0.06838921
  1285.09313665	    -0.06366127
  1285.58569821	    -0.05917162
  1286.07825978	    -0.05490777
  1286.57082135	    -0.05085400
  1287.06338293	    -0.04699249
  1287.55594449	    -0.04330415
  1288.04850606	    -0.03976923
  1288.54106763	    -0.03636773
  1289.03362921	    -0.03307971
  1289.52619078	    -0.02988547
  1290.01875234	    -0.02676570
  1290.51131391	    -0.02370158
  1291.00387549	    -0.02067491
  1291.49643706	    -0.01766814
  1291.98899862	    -0.01466461
  1292.48156019	    -0.01164871
  1292.97412176	    -0.00860620
  1293.46668334	    -0.00552459
  1293.95924491	    -0.00239370
  1294.45180647	     0.00079360
  1294.94436804	     0.00404057
  1295.43692962	     0.00734548
  1295.92949119	     0.01070037
  1296.42205276	     0.01408971
  1296.91461432	     0.01748905
  1297.40717590	     0.02086384
  1297.89973747	     0.02416863
  1298.39229904	     0.02734711
  1298.88486060	     0.03033312
  1299.37742218	     0.03305312
  1299.86998375	     0.03543021
  1300.36254532	     0.03738956
  1300.85510689	     0.03886494
  1301.34766846	     0.03980538
  1301.84023003	     0.04018110
  1302.33279160	     0.03998754
  1302.82535317	     0.03924674
  1303.31791473	     0.03800589
  1303.81047631	     0.03633324
  1304.30303788	     0.03431227
  1304.79559945	     0.03203504
  1305.28816102	     0.02959573
  1305.78072259	     0.02708490
  1306.27328416	     0.02458496
  1306.76584573	     0.02216667
  1307.25840730	     0.01988658
  1307.75096887	     0.01778523
  1308.24353044	     0.01588584
  1308.73609201	     0.01419341
  1309.22865358	     0.01269443
  1309.72121516	     0.01135707
  1310.21377672	     0.01013210
  1310.70633829	     0.00895451
  1311.19889986	     0.00774609
  1311.69146144	     0.00641883
  1312.18402301	     0.00487926
  1312.67658457	     0.00303365
  1313.16914614	     0.00079364
  1313.66170771	    -0.00191804
  1314.15426929	    -0.00516258
  1314.64683085	    -0.00898145
  1315.13939242	    -0.01339479
  1315.63195399	    -0.01840205
  1316.12451557	    -0.02398457
  1316.61707714	    -0.03010960
  1317.10963870	    -0.03673495
  1317.60220027	    -0.04381322
  1318.09476185	    -0.05129528
  1318.58732342	    -0.05913223
  1319.07988498	    -0.06727618
  1319.57244655	    -0.07567976
  1320.06500813	    -0.08429484
  1320.55756970	    -0.09307103
  1321.05013127	    -0.10195435
  1321.54269283	    -0.11088681
  1322.03525441	    -0.11980723
  1322.52781598	    -0.12865362
  1323.02037755	    -0.13736727
  1323.51293911	    -0.14589788
  1324.00550069	    -0.15420928
  1324.49806226	    -0.16228415
  1324.99062383	    -0.17012679
  1325.48318540	    -0.17776238
  1325.97574696	    -0.18523236
  1326.46830854	    -0.19258562
  1326.96087011	    -0.19986616
  1327.45343168	    -0.20709858
  1327.94599325	    -0.21427264
  1328.43855482	    -0.22132917
  1328.93111639	    -0.22814914
  1329.42367796	    -0.23454848
  1329.91623953	    -0.24028078
  1330.40880110	    -0.24504993
  1330.90136267	    -0.24853309
  1331.39392424	    -0.25041252
  1331.88648581	    -0.25041241
  1332.37904739	    -0.24833485
  1332.87160895	    -0.24408860
  1333.36417052	    -0.23770522
  1333.85673209	    -0.22934026
  1334.34929366	    -0.21926003
  1334.84185523	    -0.20781742
  1335.33441680	    -0.19542174
  1335.82697837	    -0.18250712
  1336.31953994	    -0.16950314
  1336.81210152	    -0.15680995
  1337.30466308	    -0.14477861
  1337.79722465	    -0.13369724
  1338.28978622	    -0.12378275
  1338.78234780	    -0.11517840
  1339.27490936	    -0.10795675
  1339.76747093	    -0.10212747
  1340.26003250	    -0.09764889
  1340.75259408	    -0.09444169
  1341.24515565	    -0.09240291
  1341.73771721	    -0.09141887
  1342.23027878	    -0.09137585
  1342.72284036	    -0.09216791
  1343.21540193	    -0.09370194
  1343.70796350	    -0.09590022
  1344.20052506	    -0.09870099
  1344.69308664	    -0.10205765
  1345.18564821	    -0.10593692
  1345.67820978	    -0.11031651
  1346.17077134	    -0.11518245
  1346.66333291	    -0.12052613
  1347.15589449	    -0.12634129
  1347.64845606	    -0.13262081
  1348.14101763	    -0.13935326
  1348.63357919	    -0.14651933
  1349.12614077	    -0.15408789
  1349.61870234	    -0.16201181
  1350.11126391	    -0.17022355
  1350.60382547	    -0.17863048
  1351.09638705	    -0.18711019
  1351.58894862	    -0.19550588
  1352.08151019	    -0.20362240
  1352.57407176	    -0.21122353
  1353.06663333	    -0.21803165
  1353.55919490	    -0.22373119
  1354.05175647	    -0.22797736
  1354.54431804	    -0.23041156
  1355.03687961	    -0.23068375
  1355.52944118	    -0.22848071
  1356.02200275	    -0.22355745
  1356.51456432	    -0.21576708
  1357.00712589	    -0.20508406
  1357.49968746	    -0.19161611
  1357.99224903	    -0.17560242
  1358.48481060	    -0.15739845
  1358.97737217	    -0.13745068
  1359.46993375	    -0.11626649
  1359.96249531	    -0.09438455
  1360.45505688	    -0.07234980
  1360.94761845	    -0.05069501
  1361.44018003	    -0.02992828
  1361.93274159	    -0.01052429
  1362.42530316	     0.00708370
  1362.91786473	     0.02251363
  1363.41042631	     0.03544704
  1363.90298788	     0.04564324
  1364.39554944	     0.05295249
  1364.88811101	     0.05732486
  1365.38067259	     0.05881145
  1365.87323416	     0.05755656
  1366.36579572	     0.05378128
  1366.85835729	     0.04776085
  1367.35091886	     0.03979946
  1367.84348044	     0.03020611
  1368.33604201	     0.01927458
  1368.82860357	     0.00726890
  1369.32116514	    -0.00558498
  1369.81372672	    -0.01910207
  1370.30628829	    -0.03313673
  1370.79884985	    -0.04757786
  1371.29141142	    -0.06234193
  1371.78397300	    -0.07736477
  1372.27653457	    -0.09259278
  1372.76909614	    -0.10797390
  1373.26165770	    -0.12344885
  1373.75421928	    -0.13894280
  1374.24678085	    -0.15435814
  1374.73934242	    -0.16956887
  1375.23190399	    -0.18441750
  1375.72446556	    -0.19871560
  1376.21702713	    -0.21224874
  1376.70958870	    -0.22478671
  1377.20215027	    -0.23609876
  1377.69471183	    -0.24597281
  1378.18727341	    -0.25423637
  1378.67983498	    -0.26077581
  1379.17239655	    -0.26555054
  1379.66495812	    -0.26859903
  1380.15751969	    -0.27003534
  1380.65008126	    -0.27003652
  1381.14264283	    -0.26882328
  1381.63520440	    -0.26663724
  1382.12776597	    -0.26371841
  1382.62032754	    -0.26028594
  1383.11288911	    -0.25652402
  1383.60545068	    -0.25257385
  1384.09801226	    -0.24853164
  1384.59057382	    -0.24445200
  1385.08313539	    -0.24035556
  1385.57569696	    -0.23623961
  1386.06825854	    -0.23209007
  1386.56082010	    -0.22789321
  1387.05338167	    -0.22364539
  1387.54594324	    -0.21935958
  1388.03850481	    -0.21506792
  1388.53106639	    -0.21082032
  1389.02362795	    -0.20667975
  1389.51618952	    -0.20271550
  1390.00875109	    -0.19899558
  1390.50131267	    -0.19557931
  1390.99387424	    -0.19251108
  1391.48643580	    -0.18981531
  1391.97899737	    -0.18749306
  1392.47155895	    -0.18551993
  1392.96412052	    -0.18384554
  1393.45668208	    -0.18239440
  1393.94924365	    -0.18106862
  1394.44180523	    -0.17975256
  1394.93436680	    -0.17831960
  1395.42692837	    -0.17664099
  1395.91948993	    -0.17459606
  1396.41205151	    -0.17208282
  1396.90461308	    -0.16902742
  1397.39717465	    -0.16539097
  1397.88973621	    -0.16117248
  1398.38229778	    -0.15640740
  1398.87485936	    -0.15116223
  1399.36742093	    -0.14552621
  1399.85998250	    -0.13960171
  1400.35254406	    -0.13349488
  1400.84510564	    -0.12730773
  1401.33766721	    -0.12113225
  1401.83022878	    -0.11504690
  1402.32279034	    -0.10911504
  1402.81535192	    -0.10338502
  1403.30791349	    -0.09789130
  1403.80047506	    -0.09265625
  1404.29303663	    -0.08769214
  1404.78559820	    -0.08300318
  1405.27815977	    -0.07858742
  1405.77072134	    -0.07443831
  1406.26328291	    -0.07054610
  1406.75584449	    -0.06689890
  1407.24840605	    -0.06348357
  1407.74096762	    -0.06028631
  1408.23352919	    -0.05729321
  1408.72609076	    -0.05449053
  1409.21865233	    -0.05186496
  1409.71121390	    -0.04940379
  1410.20377547	    -0.04709498
  1410.69633704	    -0.04492724
  1411.18889862	    -0.04289001
  1411.68146018	    -0.04097346
  1412.17402175	    -0.03916851
  1412.66658332	    -0.03746673
  1413.15914490	    -0.03586038
  1413.65170646	    -0.03434228
  1414.14426803	    -0.03290584
  1414.63682960	    -0.03154500
  1415.12939118	    -0.03025415
  1415.62195275	    -0.02902814
  1416.11451431	    -0.02786222
  1416.60707588	    -0.02675200
  1417.09963746	    -0.02569343
  1417.59219903	    -0.02468277
  1418.08476060	    -0.02371653
  1418.57732216	    -0.02279149
  1419.06988373	    -0.02190467
  1419.56244531	    -0.02105326
  1420.05500688	    -0.02023467
  1420.54756844	    -0.01944645
  1421.04013001	    -0.01868631
  1421.53269159	    -0.01795210
  1422.02525316	    -0.01724179
  1422.51781473	    -0.01655344
  1423.01037629	    -0.01588524
  1423.50293787	    -0.01523543
  1423.99549944	    -0.01460238
  1424.48806101	    -0.01398450
  1424.98062257	    -0.01338027
  1425.47318415	    -0.01278827
  1425.96574572	    -0.01220712
  1426.45830729	    -0.01163556
  1426.95086886	    -0.01107240
  1427.44343043	    -0.01051656
  1427.93599200	    -0.00996710
  1428.42855357	    -0.00942325
  1428.92111514	    -0.00888444
  1429.41367670	    -0.00835038
  1429.90623828	    -0.00782106
  1430.39879985	    -0.00729686
  1430.89136142	    -0.00677858
  1431.38392299	    -0.00626747
  1431.87648456	    -0.00576529
  1432.36904613	    -0.00527423
  1432.86160770	    -0.00479688
  1433.35416927	    -0.00433610
  1433.84673085	    -0.00389477
  1434.33929241	    -0.00347557
  1434.83185398	    -0.00308069
  1435.32441555	    -0.00271155
  1435.81697713	    -0.00236864
  1436.30953869	    -0.00205135
  1436.80210026	    -0.00175801
  1437.29466183	    -0.00148603
  1437.78722341	    -0.00123214
  1438.27978498	    -0.00099259
  1438.77234654	    -0.00076350
  1439.26490811	    -0.00054108
  1439.75746968	    -0.00032179
  1440.25003126	    -0.00010247
  1440.74259282	     0.00011960
  1441.23515439	     0.00034669
  1441.72771596	     0.00058065
  1442.22027754	     0.00082299
  1442.71283911	     0.00107489
  1443.20540067	     0.00133732
  1443.69796224	     0.00161103
  1444.19052382	     0.00189668
  1444.68308539	     0.00219480
  1445.17564695	     0.00250590
  1445.66820852	     0.00283044
  1446.16077010	     0.00316888
  1446.65333167	     0.00352166
  1447.14589324	     0.00388925
  1447.63845480	     0.00427209
  1448.13101638	     0.00467062
  1448.62357795	     0.00508523
  1449.11613952	     0.00551624
  1449.60870109	     0.00596386
  1450.10126266	     0.00642811
  1450.59382423	     0.00690877
  1451.08638580	     0.00740526
  1451.57894737	     0.00791653
  1452.07150893	     0.00844095
  1452.56407051	     0.00897614
  1453.05663208	     0.00951883
  1453.54919365	     0.01006472
  1454.04175522	     0.01060840
  1454.53431679	     0.01114327
  1455.02687836	     0.01166165
  1455.51943993	     0.01215495
  1456.01200150	     0.01261405
  1456.50456307	     0.01302979
  1456.99712464	     0.01339364
  1457.48968621	     0.01369838
  1457.98224778	     0.01393875
  1458.47480936	     0.01411201
  1458.96737092	     0.01421825
  1459.45993249	     0.01426043
  1459.95249406	     0.01424431
  1460.44505563	     0.01417813
  1460.93761720	     0.01407243
  1461.43017877	     0.01393983
  1461.92274034	     0.01379520
  1462.41530191	     0.01365596
  1462.90786349	     0.01354277
  1463.40042505	     0.01348043
  1463.89298662	     0.01349899
  1464.38554819	     0.01363492
  1464.87810977	     0.01393223
  1465.37067134	     0.01444331
  1465.86323290	     0.01522939
  1466.35579447	     0.01636034
  1466.84835605	     0.01791377
  1467.34091762	     0.01997347
  1467.83347918	     0.02262732
  1468.32604075	     0.02596510
  1468.81860233	     0.03007669
  1469.31116390	     0.03505100
  1469.80372547	     0.04097600
  1470.29628703	     0.04793952
  1470.78884861	     0.05603033
  1471.28141018	     0.06533825
  1471.77397175	     0.07595214
  1472.26653331	     0.08795402
  1472.75909488	     0.10140829
  1473.25165646	     0.11634518
  1473.74421803	     0.13273870
  1474.23677960	     0.15048075
  1474.72934116	     0.16935497
  1475.22190274	     0.18901544
  1475.71446431	     0.20897718
  1476.20702588	     0.22862458
  1476.69958744	     0.24724229
  1477.19214902	     0.26406831
  1477.68471059	     0.27836384
  1478.17727216	     0.28948884
  1478.66983373	     0.29696987
  1479.16239530	     0.30054735
  1479.65495687	     0.30019424
  1480.14751844	     0.29610476
  1480.64008001	     0.28865823
  1481.13264159	     0.27836743
  1481.62520315	     0.26582184
  1482.11776472	     0.25163466
  1482.61032629	     0.23639900
  1483.10288786	     0.22065575
  1483.59544943	     0.20487273
  1484.08801100	     0.18943362
  1484.58057257	     0.17463451
  1485.07313414	     0.16068634
  1485.56569572	     0.14772168
  1486.05825728	     0.13580469
  1486.55081885	     0.12494318
  1487.04338042	     0.11510158
  1487.53594200	     0.10621398
  1488.02850356	     0.09819596
  1488.52106513	     0.09095468
  1489.01362670	     0.08439682
  1489.50618828	     0.07843412
  1489.99874985	     0.07298676
  1490.49131141	     0.06798503
  1490.98387298	     0.06336951
  1491.47643456	     0.05909043
  1491.96899613	     0.05510647
  1492.46155769	     0.05138339
  1492.95411926	     0.04789260
  1493.44668083	     0.04461004
  1493.93924241	     0.04151509
  1494.43180398	     0.03858981
  1494.92436554	     0.03581835
  1495.41692711	     0.03318649
  1495.90948869	     0.03068133
  1496.40205026	     0.02829101
  1496.89461183	     0.02600461
  1497.38717339	     0.02381195
  1497.87973497	     0.02170353
  1498.37229654	     0.01967044
  1498.86485811	     0.01770427
  1499.35741967	     0.01579705
  1499.84998125	     0.01394122
  1500.34254282	     0.01212953
  1500.83510439	     0.01035506
  1501.32766596	     0.00861107
  1501.82022753	     0.00689107
  1502.31278910	     0.00518868
  1502.80535067	     0.00349762
  1503.29791224	     0.00181169
  1503.79047380	     0.00012468
  1504.28303538	    -0.00156964
  1504.77559695	    -0.00327756
  1505.26815852	    -0.00500553
  1505.76072009	    -0.00676014
  1506.25328166	    -0.00854820
  1506.74584323	    -0.01037680
  1507.23840480	    -0.01225335
  1507.73096637	    -0.01418564
  1508.22352794	    -0.01618188
  1508.71608951	    -0.01825083
  1509.20865108	    -0.02040177
  1509.70121265	    -0.02264466
  1510.19377423	    -0.02499016
  1510.68633579	    -0.02744974
  1511.17889736	    -0.03003574
  1511.67145893	    -0.03276149
  1512.16402051	    -0.03564135
  1512.65658208	    -0.03869084
  1513.14914364	    -0.04192667
  1513.64170521	    -0.04536686
  1514.13426678	    -0.04903076
  1514.62682836	    -0.05293907
  1515.11938992	    -0.05711383
  1515.61195149	    -0.06157835
  1516.10451306	    -0.06635705
  1516.59707464	    -0.07147515
  1517.08963621	    -0.07695831
  1517.58219777	    -0.08283196
  1518.07475934	    -0.08912039
  1518.56732092	    -0.09584562
  1519.05988249	    -0.10302569
  1519.55244405	    -0.11067259
  1520.04500562	    -0.11878952
  1520.53756720	    -0.12736765
  1521.03012877	    -0.13638208
  1521.52269034	    -0.14578734
  1522.01525190	    -0.15551252
  1522.50781348	    -0.16545640
  1523.00037505	    -0.17548327
  1523.49293662	    -0.18542028
  1523.98549818	    -0.19505744
  1524.47805975	    -0.20415149
  1524.97062133	    -0.21243463
  1525.46318290	    -0.21962857
  1525.95574447	    -0.22546356
  1526.44830603	    -0.22970062
  1526.94086761	    -0.23215412
  1527.43342918	    -0.23271115
  1527.92599075	    -0.23134396
  1528.41855232	    -0.22811312
  1528.91111389	    -0.22316071
  1529.40367546	    -0.21669485
  1529.89623703	    -0.20896875
  1530.38879860	    -0.20025780
  1530.88136017	    -0.19083830
  1531.37392174	    -0.18097015
  1531.86648331	    -0.17088484
  1532.35904488	    -0.16077859
  1532.85160646	    -0.15081012
  1533.34416802	    -0.14110172
  1533.83672959	    -0.13174267
  1534.32929116	    -0.12279369
  1534.82185273	    -0.11429193
  1535.31441430	    -0.10625573
  1535.80697587	    -0.09868892
  1536.29953744	    -0.09158460
  1536.79209901	    -0.08492819
  1537.28466059	    -0.07869990
  1537.77722215	    -0.07287664
  1538.26978372	    -0.06743352
  1538.76234529	    -0.06234490
  1539.25490687	    -0.05758519
  1539.74746843	    -0.05312936
  1540.24003000	    -0.04895337
  1540.73259157	    -0.04503430
  1541.22515315	    -0.04135058
  1541.71771472	    -0.03788197
  1542.21027628	    -0.03460958
  1542.70283785	    -0.03151585
  1543.19539943	    -0.02858447
  1543.68796100	    -0.02580034
  1544.18052257	    -0.02314945
  1544.67308413	    -0.02061882
  1545.16564570	    -0.01819640
  1545.65820728	    -0.01587100
  1546.15076885	    -0.01363220
  1546.64333041	    -0.01147027
  1547.13589198	    -0.00937610
  1547.62845356	    -0.00734114
  1548.12101513	    -0.00535729
  1548.61357670	    -0.00341692
  1549.10613826	    -0.00151272
  1549.59869984	     0.00036229
  1550.09126141	     0.00221484
  1550.58382298	     0.00405146
  1551.07638454	     0.00587851
  1551.56894612	     0.00770223
  1552.06150769	     0.00952883
  1552.55406926	     0.01136445
  1553.04663083	     0.01321529
  1553.53919240	     0.01508757
  1554.03175397	     0.01698767
  1554.52431554	     0.01892207
  1555.01687711	     0.02089750
  1555.50943867	     0.02292089
  1556.00200025	     0.02499951
  1556.49456182	     0.02714095
  1556.98712339	     0.02935323
  1557.47968496	     0.03164483
  1557.97224653	     0.03402477
  1558.46480810	     0.03650268
  1558.95736967	     0.03908885
  1559.44993124	     0.04179435
  1559.94249282	     0.04463109
  1560.43505438	     0.04761194
  1560.92761595	     0.05075079
  1561.42017752	     0.05406271
  1561.91273910	     0.05756402
  1562.40530066	     0.06127245
  1562.89786223	     0.06520722
  1563.39042380	     0.06938922
  1563.88298538	     0.07384111
  1564.37554695	     0.07858744
  1564.86810851	     0.08365477
  1565.36067008	     0.08907176
  1565.85323165	     0.09486919
  1566.34579323	     0.10108000
  1566.83835479	     0.10773920
  1567.33091636	     0.11488363
  1567.82347793	     0.12255167
  1568.31603951	     0.13078262
  1568.80860108	     0.13961590
  1569.30116264	     0.14908983
  1569.79372421	     0.15923995
  1570.28628579	     0.17009675
  1570.77884736	     0.18168271
  1571.27140893	     0.19400847
  1571.76397049	     0.20706805
  1572.25653207	     0.22083309
  1572.74909364	     0.23524615
  1573.24165521	     0.25021324
  1573.73421677	     0.26559626
  1574.22677835	     0.28120587
  1574.71933992	     0.29679631
  1575.21190149	     0.31206360
  1575.70446306	     0.32664898
  1576.19702463	     0.34014941
  1576.68958620	     0.35213617
  1577.18214777	     0.36218160
  1577.67470934	     0.36989211
  1578.16727090	     0.37494367
  1578.65983248	     0.37711444
  1579.15239405	     0.37630888
  1579.64495562	     0.37256852
  1580.13751719	     0.36606727
  1580.63007876	     0.35709217
  1581.12264033	     0.34601350
  1581.61520190	     0.33324972
  1582.10776347	     0.31923294
  1582.60032504	     0.30437934
  1583.09288661	     0.28906720
  1583.58544818	     0.27362331
  1584.07800975	     0.25831688
  1584.57057133	     0.24335946
  1585.06313289	     0.22890902
  1585.55569446	     0.21507643
  1586.04825603	     0.20193301
  1586.54081760	     0.18951808
  1587.03337918	     0.17784601
  1587.52594074	     0.16691242
  1588.01850231	     0.15669927
  1588.51106388	     0.14717911
  1589.00362546	     0.13831837
  1589.49618702	     0.13007987
  1589.98874859	     0.12242474
  1590.48131016	     0.11531380
  1590.97387174	     0.10870852
  1591.46643331	     0.10257170
  1591.95899487	     0.09686789
  1592.45155644	     0.09156365
  1592.94411802	     0.08662767
  1593.43667959	     0.08203083
  1593.92924115	     0.07774611
  1594.42180272	     0.07374858
  1594.91436430	     0.07001526
  1595.40692587	     0.06652503
  1595.89948744	     0.06325848
  1596.39204900	     0.06019783
  1596.88461058	     0.05732674
  1597.37717215	     0.05463029
  1597.86973372	     0.05209476
  1598.36229528	     0.04970764
  1598.85485685	     0.04745747
  1599.34741843	     0.04533377
  1599.83998000	     0.04332703
  1600.33254157	     0.04142859
  1600.82510313	     0.03963064
  1601.31766471	     0.03792618
  1601.81022628	     0.03630900
  1602.30278785	     0.03477364
  1602.79534942	     0.03331544
  1603.28791099	     0.03193046
  1603.78047256	     0.03061549
  1604.27303413	     0.02936795
  1604.76559570	     0.02818584
  1605.25815727	     0.02706759
  1605.75071884	     0.02601191
  1606.24328041	     0.02501756
  1606.73584198	     0.02408318
  1607.22840355	     0.02320707
  1607.72096512	     0.02238710
  1608.21352669	     0.02162060
  1608.70608826	     0.02090439
  1609.19864983	     0.02023486
  1609.69121140	     0.01960817
  1610.18377297	     0.01902035
  1610.67633454	     0.01846749
  1611.16889611	     0.01794591
  1611.66145769	     0.01745222
  1612.15401925	     0.01698341
  1612.64658082	     0.01653685
  1613.13914239	     0.01611029
  1613.63170397	     0.01570184
  1614.12426553	     0.01530990
  1614.61682710	     0.01493315
  1615.10938867	     0.01457052
  1615.60195025	     0.01422107
  1616.09451182	     0.01388405
  1616.58707338	     0.01355883
  1617.07963495	     0.01324484
  1617.57219653	     0.01294161
  1618.06475810	     0.01264874
  1618.55731967	     0.01236585
  1619.04988123	     0.01209262
  1619.54244280	     0.01182876
  1620.03500438	     0.01157399
  1620.52756595	     0.01132807
  1621.02012751	     0.01109078
  1621.51268908	     0.01086191
  1622.00525066	     0.01064127
  1622.49781223	     0.01042870
  1622.99037380	     0.01022404
  1623.48293536	     0.01002715
  1623.97549694	     0.00983792
  1624.46805851	     0.00965625
  1624.96062008	     0.00948204
  1625.45318164	     0.00931524
  1625.94574322	     0.00915579
  1626.43830479	     0.00900368
  1626.93086636	     0.00885888
  1627.42342793	     0.00872141
  1627.91598950	     0.00859131
  1628.40855107	     0.00846861
  1628.90111264	     0.00835339
  1629.39367421	     0.00824573
  1629.88623577	     0.00814572
  1630.37879735	     0.00805345
  1630.87135892	     0.00796903
  1631.36392049	     0.00789253
  1631.85648206	     0.00782403
  1632.34904363	     0.00776352
  1632.84160520	     0.00771096
  1633.33416677	     0.00766620
  1633.82672834	     0.00762895
  1634.31928992	     0.00759875
  1634.81185148	     0.00757494
  1635.30441305	     0.00755657
  1635.79697462	     0.00754239
  1636.28953620	     0.00753081
  1636.78209776	     0.00751989
  1637.27465933	     0.00750737
  1637.76722090	     0.00749072
  1638.25978248	     0.00746725
  1638.75234405	     0.00743428
  1639.24490561	     0.00738937
  1639.73746718	     0.00733048
  1640.23002875	     0.00725621
  1640.72259033	     0.00716592
  1641.21515189	     0.00705982
  1641.70771346	     0.00693892
  1642.20027503	     0.00680492
  1642.69283661	     0.00666001
  1643.18539818	     0.00650668
  1643.67795974	     0.00634752
  1644.17052131	     0.00618498
  1644.66308289	     0.00602133
  1645.15564446	     0.00585849
  1645.64820602	     0.00569805
  1646.14076759	     0.00554124
  1646.63332917	     0.00538898
  1647.12589074	     0.00524189
  1647.61845231	     0.00510038
  1648.11101387	     0.00496463
  1648.60357545	     0.00483469
  1649.09613702	     0.00471051
  1649.58869859	     0.00459193
  1650.08126016	     0.00447876
  1650.57382172	     0.00437076
  1651.06638330	     0.00426768
  1651.55894487	     0.00416924
  1652.05150644	     0.00407518
  1652.54406800	     0.00398524
  1653.03662958	     0.00389916
  1653.52919115	     0.00381672
  1654.02175272	     0.00373767
  1654.51431429	     0.00366180
  1655.00687586	     0.00358892
  1655.49943743	     0.00351884
  1655.99199900	     0.00345138
  1656.48456057	     0.00338638
  1656.97712214	     0.00332370
  1657.46968371	     0.00326320
  1657.96224528	     0.00320475
  1658.45480685	     0.00314824
  1658.94736843	     0.00309355
  1659.43992999	     0.00304059
  1659.93249156	     0.00298926
  1660.42505313	     0.00293948
  1660.91761470	     0.00289117
  1661.41017627	     0.00284426
  1661.90273784	     0.00279867
  1662.39529941	     0.00275435
  1662.88786098	     0.00271123
  1663.38042256	     0.00266925
  1663.87298412	     0.00262838
  1664.36554569	     0.00258855
  1664.85810726	     0.00254973
  1665.35066884	     0.00251187
  1665.84323041	     0.00247493
  1666.33579197	     0.00243888
  1666.82835354	     0.00240368
  1667.32091512	     0.00236929
  1667.81347669	     0.00233570
  1668.30603825	     0.00230286
  1668.79859982	     0.00227075
  1669.29116140	     0.00223934
  1669.78372297	     0.00220862
  1670.27628454	     0.00217855
  1670.76884610	     0.00214912
  1671.26140767	     0.00212030
  1671.75396925	     0.00209208
  1672.24653082	     0.00206442
  1672.73909238	     0.00203733
  1673.23165395	     0.00201078
  1673.72421553	     0.00198474
  1674.21677710	     0.00195922
  1674.70933867	     0.00193419
  1675.20190023	     0.00190963
  1675.69446181	     0.00188554
  1676.18702338	     0.00186191
  1676.67958495	     0.00183871
  1677.17214651	     0.00181593
  1677.66470809	     0.00179358
  1678.15726966	     0.00177162
  1678.64983123	     0.00175006
  1679.14239280	     0.00172889
  1679.63495437	     0.00170808
  1680.12751594	     0.00168764
  1680.62007751	     0.00166756
  1681.11263908	     0.00164782
  1681.60520065	     0.00162842
  1682.09776222	     0.00160935
  1682.59032379	     0.00159059
  1683.08288536	     0.00157215
  1683.57544693	     0.00155402
  1684.06800850	     0.00153619
  1684.56057007	     0.00151865
  1685.05313164	     0.00150139
  1685.54569321	     0.00148441
  1686.03825479	     0.00146771
  1686.53081635	     0.00145127
  1687.02337792	     0.00143509
  1687.51593949	     0.00141917
  1688.00850107	     0.00140349
  1688.50106263	     0.00138806
  1688.99362420	     0.00137287
  1689.48618577	     0.00135791
  1689.97874735	     0.00134318
  1690.47130892	     0.00132868
  1690.96387048	     0.00131439
  1691.45643205	     0.00130032
  1691.94899362	     0.00128646
  1692.44155520	     0.00127280
  1692.93411676	     0.00125935
  1693.42667833	     0.00124609
  1693.91923990	     0.00123303
  1694.41180148	     0.00122016
  1694.90436305	     0.00120747
  1695.39692461	     0.00119497
  1695.88948618	     0.00118265
  1696.38204776	     0.00117050
  1696.87460933	     0.00115852
  1697.36717090	     0.00114672
  1697.85973246	     0.00113508
  1698.35229404	     0.00112360
  1698.84485561	     0.00111228
  1699.33741718	     0.00110112
  1699.82997874	     0.00109011
  1700.32254032	     0.00107926
  1700.81510189	     0.00106855
  1701.30766346	     0.00105799
  1701.80022503	     0.00104757
  1702.29278659	     0.00103729
  1702.78534817	     0.00102715
  1703.27790974	     0.00101715
  1703.77047131	     0.00100727
  1704.26303287	     0.00099753
  1704.75559445	     0.00098792
  1705.24815602	     0.00097843
  1705.74071759	     0.00096907
  1706.23327916	     0.00095983
  1706.72584073	     0.00095071
  1707.21840230	     0.00094171
  1707.71096387	     0.00093282
  1708.20352544	     0.00092405
  1708.69608701	     0.00091538
  1709.18864858	     0.00090683
  1709.68121015	     0.00089839
  1710.17377172	     0.00089005
  1710.66633330	     0.00088182
  1711.15889486	     0.00087369
  1711.65145643	     0.00086566
  1712.14401800	     0.00085773
  1712.63657957	     0.00084990
  1713.12914115	     0.00084217
  1713.62170271	     0.00083453
  1714.11426428	     0.00082699
  1714.60682585	     0.00081953
  1715.09938743	     0.00081217
  1715.59194899	     0.00080489
  1716.08451056	     0.00079771
  1716.57707213	     0.00079061
  1717.06963371	     0.00078359
  1717.56219528	     0.00077666
  1718.05475684	     0.00076981
  1718.54731841	     0.00076304
  1719.03987999	     0.00075635
  1719.53244156	     0.00074974
  1720.02500312	     0.00074321
  1720.51756469	     0.00073675
  1721.01012627	     0.00073037
  1721.50268784	     0.00072406
  1721.99524941	     0.00071782
  1722.48781097	     0.00071166
  1722.98037255	     0.00070556
  1723.47293412	     0.00069954
  1723.96549569	     0.00069358
