   950.11876485	     0.07108035
   950.61882735	     0.06882100
   951.11888986	     0.06656700
   951.61895237	     0.06436759
   952.11901488	     0.06226107
   952.61907738	     0.06027588
   953.11913989	     0.05843199
   953.61920240	     0.05674242
   954.11926491	     0.05521471
   954.61932742	     0.05385224
   955.11938992	     0.05265530
   955.61945243	     0.05162209
   956.11951494	     0.05074945
   956.61957745	     0.05003341
   957.11963996	     0.04946968
   957.61970246	     0.04905400
   958.11976497	     0.04878234
   958.61982748	     0.04865115
   959.11988999	     0.04865745
   959.61995249	     0.04879893
   960.12001500	     0.04907402
   960.62007751	     0.04948194
   961.12014002	     0.05002273
   961.62020252	     0.05069726
   962.12026503	     0.05150725
   962.62032754	     0.05245525
   963.12039005	     0.05354466
   963.62045256	     0.05477970
   964.12051506	     0.05616538
   964.62057757	     0.05770744
   965.12064008	     0.05941227
   965.62070259	     0.06128683
   966.12076510	     0.06333844
   966.62082760	     0.06557459
   967.12089011	     0.06800266
   967.62095262	     0.07062952
   968.12101513	     0.07346110
   968.62107764	     0.07650179
   969.12114014	     0.07975378
   969.62120265	     0.08321636
   970.12126516	     0.08688505
   970.62132767	     0.09075092
   971.12139017	     0.09479981
   971.62145268	     0.09901191
   972.12151519	     0.10336143
   972.62157770	     0.10781661
   973.12164020	     0.11234006
   973.62170271	     0.11688915
   974.12176522	     0.12141650
   974.62182773	     0.12587029
   975.12189024	     0.13019447
   975.62195274	     0.13432891
   976.12201525	     0.13820990
   976.62207776	     0.14177136
   977.12214027	     0.14494746
   977.62220278	     0.14767658
   978.12226528	     0.14990662
   978.62232779	     0.15160075
   979.12239030	     0.15274268
   979.62245281	     0.15334005
   980.12251531	     0.15342520
   980.62257782	     0.15305283
   981.12264033	     0.15229506
   981.62270284	     0.15123469
   982.12276535	     0.14995808
   982.62282785	     0.14854869
   983.12289036	     0.14708233
   983.62295287	     0.14562445
   984.12301538	     0.14422947
   984.62307789	     0.14294180
   985.12314039	     0.14179796
   985.62320290	     0.14082913
   986.12326541	     0.14006335
   986.62332792	     0.13952728
   987.12339042	     0.13924683
   987.62345293	     0.13924708
   988.12351544	     0.13955136
   988.62357795	     0.14017986
   989.12364045	     0.14114800
   989.62370296	     0.14246462
   990.12376547	     0.14413032
   990.62382798	     0.14613575
   991.12389049	     0.14846009
   991.62395299	     0.15106971
   992.12401550	     0.15391723
   992.62407801	     0.15694115
   993.12414052	     0.16006653
   993.62420303	     0.16320697
   994.12426553	     0.16626835
   994.62432804	     0.16915424
   995.12439055	     0.17177303
   995.62445306	     0.17404581
   996.12451556	     0.17591432
   996.62457807	     0.17734730
   997.12464058	     0.17834445
   997.62470309	     0.17893696
   998.12476560	     0.17918463
   998.62482810	     0.17917024
   999.12489061	     0.17899219
   999.62495312	     0.17875672
  1000.12501563	     0.17857088
  1000.62507813	     0.17853701
  1001.12514064	     0.17874902
  1001.62520315	     0.17929054
  1002.12526566	     0.18023450
  1002.62532817	     0.18164387
  1003.12539067	     0.18357310
  1003.62545318	     0.18606993
  1004.12551569	     0.18917730
  1004.62557820	     0.19293520
  1005.12564071	     0.19738237
  1005.62570321	     0.20255778
  1006.12576572	     0.20850181
  1006.62582823	     0.21525736
  1007.12589074	     0.22287050
  1007.62595324	     0.23139110
  1008.12601575	     0.24087308
  1008.62607826	     0.25137440
  1009.12614077	     0.26295682
  1009.62620328	     0.27568515
  1010.12626578	     0.28962605
  1010.62632829	     0.30484621
  1011.12639080	     0.32140964
  1011.62645331	     0.33937404
  1012.12651581	     0.35878575
  1012.62657832	     0.37967323
  1013.12664083	     0.40203862
  1013.62670334	     0.42584724
  1014.12676585	     0.45101479
  1014.62682835	     0.47739248
  1015.12689086	     0.50475037
  1015.62695337	     0.53276006
  1016.12701588	     0.56097842
  1016.62707838	     0.58883492
  1017.12714089	     0.61562633
  1017.62720340	     0.64052265
  1018.12726591	     0.66258878
  1018.62732842	     0.68082481
  1019.12739092	     0.69422577
  1019.62745343	     0.70185753
  1020.12751594	     0.70294136
  1020.62757845	     0.69693558
  1021.12764096	     0.68360116
  1021.62770346	     0.66303960
  1022.12776597	     0.63569641
  1022.62782848	     0.60233014
  1023.12789099	     0.56395378
  1023.62795349	     0.52175902
  1024.12801600	     0.47703507
  1024.62807851	     0.43109133
  1025.12814102	     0.38518935
  1025.62820353	     0.34048634
  1026.12826603	     0.29799010
  1026.62832854	     0.25852476
  1027.12839105	     0.22270768
  1027.62845356	     0.19093854
  1028.12851606	     0.16340208
  1028.62857857	     0.14008483
  1029.12864108	     0.12080457
  1029.62870359	     0.10524886
  1030.12876610	     0.09301771
  1030.62882860	     0.08366533
  1031.12889111	     0.07673642
  1031.62895362	     0.07179453
  1032.12901613	     0.06844140
  1032.62907863	     0.06632797
  1033.12914114	     0.06515851
  1033.62920365	     0.06468971
  1034.12926616	     0.06472647
  1034.62932867	     0.06511602
  1035.12939117	     0.06574136
  1035.62945368	     0.06651483
  1036.12951619	     0.06737227
  1036.62957870	     0.06826787
  1037.12964121	     0.06916996
  1037.62970371	     0.07005750
  1038.12976622	     0.07091733
  1038.62982873	     0.07174209
  1039.12989124	     0.07252856
  1039.62995374	     0.07327658
  1040.13001625	     0.07398820
  1040.63007876	     0.07466726
  1041.13014127	     0.07531920
  1041.63020378	     0.07595112
  1042.13026628	     0.07657216
  1042.63032879	     0.07719413
  1043.13039130	     0.07783239
  1043.63045381	     0.07850724
  1044.13051631	     0.07924551
  1044.63057882	     0.08008276
  1045.13064133	     0.08106593
  1045.63070384	     0.08225643
  1046.13076635	     0.08373381
  1046.63082885	     0.08559966
  1047.13089136	     0.08798159
  1047.63095387	     0.09103685
  1048.13101638	     0.09495486
  1048.63107888	     0.09995783
  1049.13114139	     0.10629854
  1049.63120390	     0.11425418
  1050.13126641	     0.12411576
  1050.63132892	     0.13617285
  1051.13139142	     0.15069459
  1051.63145393	     0.16790857
  1052.13151644	     0.18798029
  1052.63157895	     0.21099582
  1053.13164146	     0.23694999
  1053.63170396	     0.26574119
  1054.13176647	     0.29717260
  1054.63182898	     0.33095826
  1055.13189149	     0.36673240
  1055.63195399	     0.40406027
  1056.13201650	     0.44245024
  1056.63207901	     0.48136779
  1057.13214152	     0.52025290
  1057.63220403	     0.55854232
  1058.13226653	     0.59569703
  1058.63232904	     0.63123331
  1059.13239155	     0.66475338
  1059.63245406	     0.69596965
  1060.13251656	     0.72471618
  1060.63257907	     0.75094200
  1061.13264158	     0.77468417
  1061.63270409	     0.79602244
  1062.13276660	     0.81502095
  1062.63282910	     0.83166541
  1063.13289161	     0.84580506
  1063.63295412	     0.85710853
  1064.13301663	     0.86504156
  1064.63307913	     0.86887286
  1065.13314164	     0.86771216
  1065.63320415	     0.86058104
  1066.13326666	     0.84651299
  1066.63332917	     0.82467328
  1067.13339167	     0.79448428
  1067.63345418	     0.75573759
  1068.13351669	     0.70867446
  1068.63357920	     0.65402002
  1069.13364171	     0.59296425
  1069.63370421	     0.52709201
  1070.13376672	     0.45827196
  1070.63382923	     0.38851929
  1071.13389174	     0.31984861
  1071.63395424	     0.25413252
  1072.13401675	     0.19297939
  1072.63407926	     0.13764143
  1073.13414177	     0.08896075
  1073.63420428	     0.04735688
  1074.13426678	     0.01285396
  1074.63432929	    -0.01485980
  1075.13439180	    -0.03635174
  1075.63445431	    -0.05235666
  1076.13451681	    -0.06369296
  1076.63457932	    -0.07119190
  1077.13464183	    -0.07564456
  1077.63470434	    -0.07776736
  1078.13476685	    -0.07818421
  1078.63482935	    -0.07742168
  1079.13489186	    -0.07591345
  1079.63495437	    -0.07401034
  1080.13501688	    -0.07199299
  1080.63507938	    -0.07008516
  1081.13514189	    -0.06846610
  1081.63520440	    -0.06728113
  1082.13526691	    -0.06664984
  1082.63532942	    -0.06667187
  1083.13539192	    -0.06743033
  1083.63545443	    -0.06899322
  1084.13551694	    -0.07141358
  1084.63557945	    -0.07472902
  1085.13564196	    -0.07896163
  1085.63570446	    -0.08411864
  1086.13576697	    -0.09019454
  1086.63582948	    -0.09717424
  1087.13589199	    -0.10503726
  1087.63595449	    -0.11376223
  1088.13601700	    -0.12333111
  1088.63607951	    -0.13373287
  1089.13614202	    -0.14496615
  1089.63620453	    -0.15704110
  1090.13626703	    -0.16998027
  1090.63632954	    -0.18381885
  1091.13639205	    -0.19860445
  1091.63645456	    -0.21439651
  1092.13651706	    -0.23126551
  1092.63657957	    -0.24929195
  1093.13664208	    -0.26856525
  1093.63670459	    -0.28918229
  1094.13676710	    -0.31124564
  1094.63682960	    -0.33486125
  1095.13689211	    -0.36013537
  1095.63695462	    -0.38717047
  1096.13701713	    -0.41605975
  1096.63707963	    -0.44688008
  1097.13714214	    -0.47968276
  1097.63720465	    -0.51448194
  1098.13726716	    -0.55124028
  1098.63732967	    -0.58985196
  1099.13739217	    -0.63012315
  1099.63745468	    -0.67175091
  1100.13751719	    -0.71430218
  1100.63757970	    -0.75719538
  1101.13764221	    -0.79968858
  1101.63770471	    -0.84087879
  1102.13776722	    -0.87971769
  1102.63782973	    -0.91504821
  1103.13789224	    -0.94566427
  1103.63795474	    -0.97039192
  1104.13801725	    -0.98818518
  1104.63807976	    -0.99822416
  1105.13814227	    -1.00000000
  1105.63820478	    -0.99337108
  1106.13826728	    -0.97857944
  1106.63832979	    -0.95622410
  1107.13839230	    -0.92719700
  1107.63845481	    -0.89259424
  1108.13851731	    -0.85361851
  1108.63857982	    -0.81148781
  1109.13864233	    -0.76736095
  1109.63870484	    -0.72228529
  1110.13876735	    -0.67716679
  1110.63882985	    -0.63275918
  1111.13889236	    -0.58966687
  1111.63895487	    -0.54835656
  1112.13901738	    -0.50917267
  1112.63907988	    -0.47235345
  1113.13914239	    -0.43804589
  1113.63920490	    -0.40631866
  1114.13926741	    -0.37717356
  1114.63932992	    -0.35055596
  1115.13939242	    -0.32636499
  1115.63945493	    -0.30446382
  1116.13951744	    -0.28468977
  1116.63957995	    -0.26686399
  1117.13964246	    -0.25079984
  1117.63970496	    -0.23630960
  1118.13976747	    -0.22320918
  1118.63982998	    -0.21132080
  1119.13989249	    -0.20047401
  1119.63995499	    -0.19050560
  1120.14001750	    -0.18125891
  1120.64008001	    -0.17258331
  1121.14014252	    -0.16433428
  1121.64020503	    -0.15637455
  1122.14026753	    -0.14857635
  1122.64033004	    -0.14082473
  1123.14039255	    -0.13302125
  1123.64045506	    -0.12508747
  1124.14051756	    -0.11696723
  1124.64058007	    -0.10862726
  1125.14064258	    -0.10005562
  1125.64070509	    -0.09125826
  1126.14076760	    -0.08225414
  1126.64083010	    -0.07306977
  1127.14089261	    -0.06373390
  1127.64095512	    -0.05427298
  1128.14101763	    -0.04470780
  1128.64108014	    -0.03505131
  1129.14114264	    -0.02530747
  1129.64120515	    -0.01547106
  1130.14126766	    -0.00552799
  1130.64133017	     0.00454399
  1131.14139267	     0.01477448
  1131.64145518	     0.02519951
  1132.14151769	     0.03586077
  1132.64158020	     0.04680480
  1133.14164271	     0.05808237
  1133.64170521	     0.06974778
  1134.14176772	     0.08185821
  1134.64183023	     0.09447300
  1135.14189274	     0.10765264
  1135.64195524	     0.12145763
  1136.14201775	     0.13594680
  1136.64208026	     0.15117516
  1137.14214277	     0.16719102
  1137.64220528	     0.18403221
  1138.14226778	     0.20172127
  1138.64233029	     0.22025944
  1139.14239280	     0.23961934
  1139.64245531	     0.25973648
  1140.14251781	     0.28049981
  1140.64258032	     0.30174193
  1141.14264283	     0.32322995
  1141.64270534	     0.34465857
  1142.14276785	     0.36564745
  1142.64283035	     0.38574502
  1143.14289286	     0.40444125
  1143.64295537	     0.42119080
  1144.14301788	     0.43544658
  1144.64308039	     0.44670174
  1145.14314289	     0.45453519
  1145.64320540	     0.45865408
  1146.14326791	     0.45892576
  1146.64333042	     0.45539310
  1147.14339292	     0.44826990
  1147.64345543	     0.43791749
  1148.14351794	     0.42480717
  1148.64358045	     0.40947543
  1149.14364296	     0.39247936
  1149.64370546	     0.37435806
  1150.14376797	     0.35560372
  1150.64383048	     0.33664336
  1151.14389299	     0.31783033
  1151.64395549	     0.29944385
  1152.14401800	     0.28169384
  1152.64408051	     0.26472914
  1153.14414302	     0.24864717
  1153.64420553	     0.23350366
  1154.14426803	     0.21932185
  1154.64433054	     0.20610045
  1155.14439305	     0.19382048
  1155.64445556	     0.18245074
  1156.14451806	     0.17195222
  1156.64458057	     0.16228146
  1157.14464308	     0.15339317
  1157.64470559	     0.14524215
  1158.14476810	     0.13778472
  1158.64483060	     0.13097982
  1159.14489311	     0.12478977
  1159.64495562	     0.11918090
  1160.14501813	     0.11412408
  1160.64508064	     0.10959516
  1161.14514314	     0.10557538
  1161.64520565	     0.10205182
  1162.14526816	     0.09901772
  1162.64533067	     0.09647289
  1163.14539317	     0.09442375
  1163.64545568	     0.09288329
  1164.14551819	     0.09187037
  1164.64558070	     0.09140836
  1165.14564321	     0.09152280
  1165.64570571	     0.09223779
  1166.14576822	     0.09357102
  1166.64583073	     0.09552754
  1167.14589324	     0.09809267
  1167.64595574	     0.10122468
  1168.14601825	     0.10484852
  1168.64608076	     0.10885167
  1169.14614327	     0.11308356
  1169.64620578	     0.11735934
  1170.14626828	     0.12146868
  1170.64633079	     0.12518889
  1171.14639330	     0.12830162
  1171.64645581	     0.13061084
  1172.14651831	     0.13195977
  1172.64658082	     0.13224425
  1173.14664333	     0.13142018
  1173.64670584	     0.12950426
  1174.14676835	     0.12656792
  1174.64683085	     0.12272602
  1175.14689336	     0.11812255
  1175.64695587	     0.11291577
  1176.14701838	     0.10726485
  1176.64708089	     0.10131932
  1177.14714339	     0.09521192
  1177.64720590	     0.08905473
  1178.14726841	     0.08293793
  1178.64733092	     0.07693061
  1179.14739342	     0.07108275
  1179.64745593	     0.06542787
  1180.14751844	     0.05998593
  1180.64758095	     0.05476597
  1181.14764346	     0.04976862
  1181.64770596	     0.04498818
  1182.14776847	     0.04041432
  1182.64783098	     0.03603348
  1183.14789349	     0.03182989
  1183.64795599	     0.02778643
  1184.14801850	     0.02388516
  1184.64808101	     0.02010779
  1185.14814352	     0.01643595
  1185.64820603	     0.01285142
  1186.14826853	     0.00933626
  1186.64833104	     0.00587289
  1187.14839355	     0.00244422
  1187.64845606	    -0.00096631
  1188.14851856	    -0.00437460
  1188.64858107	    -0.00779576
  1189.14864358	    -0.01124388
  1189.64870609	    -0.01473178
  1190.14876860	    -0.01827060
  1190.64883110	    -0.02186932
  1191.14889361	    -0.02553407
  1191.64895612	    -0.02926743
  1192.14901863	    -0.03306743
  1192.64908114	    -0.03692662
  1193.14914364	    -0.04083099
  1193.64920615	    -0.04475908
  1194.14926866	    -0.04868131
  1194.64933117	    -0.05255992
  1195.14939367	    -0.05634955
  1195.64945618	    -0.05999898
  1196.14951869	    -0.06345392
  1196.64958120	    -0.06666102
  1197.14964371	    -0.06957259
  1197.64970621	    -0.07215172
  1198.14976872	    -0.07437674
  1198.64983123	    -0.07624453
  1199.14989374	    -0.07777172
  1199.64995624	    -0.07899385
  1200.15001875	    -0.07996245
  1200.65008126	    -0.08074078
  1201.15014377	    -0.08139889
  1201.65020628	    -0.08200894
  1202.15026878	    -0.08264122
  1202.65033129	    -0.08336138
  1203.15039380	    -0.08422871
  1203.65045631	    -0.08529557
  1204.15051881	    -0.08660759
  1204.65058132	    -0.08820443
  1205.15064383	    -0.09012087
  1205.65070634	    -0.09238800
  1206.15076885	    -0.09503442
  1206.65083135	    -0.09808734
  1207.15089386	    -0.10157355
  1207.65095637	    -0.10552021
  1208.15101888	    -0.10995546
  1208.65108139	    -0.11490885
  1209.15114389	    -0.12041159
  1209.65120640	    -0.12649652
  1210.15126891	    -0.13319793
  1210.65133142	    -0.14055101
  1211.15139392	    -0.14859095
  1211.65145643	    -0.15735165
  1212.15151894	    -0.16686381
  1212.65158145	    -0.17715235
  1213.15164396	    -0.18823305
  1213.65170646	    -0.20010817
  1214.15176897	    -0.21276104
  1214.65183148	    -0.22614943
  1215.15189399	    -0.24019785
  1215.65195649	    -0.25478899
  1216.15201900	    -0.26975469
  1216.65208151	    -0.28486744
  1217.15214402	    -0.29983347
  1217.65220653	    -0.31428914
  1218.15226903	    -0.32780240
  1218.65233154	    -0.33988115
  1219.15239405	    -0.34998960
  1219.65245656	    -0.35757289
  1220.15251906	    -0.36208874
  1220.65258157	    -0.36304341
  1221.15264408	    -0.36002838
  1221.65270659	    -0.35275425
  1222.15276910	    -0.34107895
  1222.65283160	    -0.32502916
  1223.15289411	    -0.30481431
  1223.65295662	    -0.28083302
  1224.15301913	    -0.25367010
  1224.65308164	    -0.22408124
  1225.15314414	    -0.19296169
  1225.65320665	    -0.16129701
  1226.15326916	    -0.13009769
  1226.65333167	    -0.10032429
  1227.15339417	    -0.07281361
  1227.65345668	    -0.04821808
  1228.15351919	    -0.02696801
  1228.65358170	    -0.00926183
  1229.15364421	     0.00491684
  1229.65370671	     0.01576156
  1230.15376922	     0.02359397
  1230.65383173	     0.02881255
  1231.15389424	     0.03184641
  1231.65395674	     0.03311875
  1232.15401925	     0.03302130
  1232.65408176	     0.03189931
  1233.15414427	     0.03004501
  1233.65420678	     0.02769737
  1234.15426928	     0.02504585
  1234.65433179	     0.02223624
  1235.15439430	     0.01937747
  1235.65445681	     0.01654829
  1236.15451931	     0.01380338
  1236.65458182	     0.01117878
  1237.15464433	     0.00869627
  1237.65470684	     0.00636708
  1238.15476935	     0.00419473
  1238.65483185	     0.00217732
  1239.15489436	     0.00030918
  1239.65495687	    -0.00141778
  1240.15501938	    -0.00301314
  1240.65508189	    -0.00448730
  1241.15514439	    -0.00585095
  1241.65520690	    -0.00711477
  1242.15526941	    -0.00828918
  1242.65533192	    -0.00938422
  1243.15539442	    -0.01040942
  1243.65545693	    -0.01137383
  1244.15551944	    -0.01228596
  1244.65558195	    -0.01315383
  1245.15564446	    -0.01398498
  1245.65570696	    -0.01478650
  1246.15576947	    -0.01556509
  1246.65583198	    -0.01632713
  1247.15589449	    -0.01707866
  1247.65595699	    -0.01782548
  1248.15601950	    -0.01857319
  1248.65608201	    -0.01932718
  1249.15614452	    -0.02009271
  1249.65620703	    -0.02087493
  1250.15626953	    -0.02167885
  1250.65633204	    -0.02250938
  1251.15639455	    -0.02337131
  1251.65645706	    -0.02426923
  1252.15651956	    -0.02520750
  1252.65658207	    -0.02619015
  1253.15664458	    -0.02722069
  1253.65670709	    -0.02830194
  1254.15676960	    -0.02943577
  1254.65683210	    -0.03062275
  1255.15689461	    -0.03186172
  1255.65695712	    -0.03314937
  1256.15701963	    -0.03447964
  1256.65708214	    -0.03584320
  1257.15714464	    -0.03722693
  1257.65720715	    -0.03861351
  1258.15726966	    -0.03998128
  1258.65733217	    -0.04130450
  1259.15739467	    -0.04255406
  1259.65745718	    -0.04369889
  1260.15751969	    -0.04470797
  1260.65758220	    -0.04555284
  1261.15764471	    -0.04621044
  1261.65770721	    -0.04666579
  1262.15776972	    -0.04691416
  1262.65783223	    -0.04696232
  1263.15789474	    -0.04682873
  1263.65795724	    -0.04654256
  1264.15801975	    -0.04614204
  1264.65808226	    -0.04567217
  1265.15814477	    -0.04518251
  1265.65820728	    -0.04472511
  1266.15826978	    -0.04435285
  1266.65833229	    -0.04411824
  1267.15839480	    -0.04407251
  1267.65845731	    -0.04426509
  1268.15851981	    -0.04474323
  1268.65858232	    -0.04555189
  1269.15864483	    -0.04673387
  1269.65870734	    -0.04833017
  1270.15876985	    -0.05038046
  1270.65883235	    -0.05292356
  1271.15889486	    -0.05599761
  1271.65895737	    -0.05963969
  1272.15901988	    -0.06388468
  1272.65908239	    -0.06876327
  1273.15914489	    -0.07429932
  1273.65920740	    -0.08050680
  1274.15926991	    -0.08738661
  1274.65933242	    -0.09492353
  1275.15939492	    -0.10308336
  1275.65945743	    -0.11181015
  1276.15951994	    -0.12102318
  1276.65958245	    -0.13061356
  1277.15964496	    -0.14044032
  1277.65970746	    -0.15032622
  1278.15976997	    -0.16005405
  1278.65983248	    -0.16936450
  1279.15989499	    -0.17795710
  1279.65995749	    -0.18549593
  1280.16002000	    -0.19162142
  1280.66008251	    -0.19596915
  1281.16014502	    -0.19819506
  1281.66020753	    -0.19800520
  1282.16027003	    -0.19518637
  1282.66033254	    -0.18963345
  1283.16039505	    -0.18136881
  1283.66045756	    -0.17055093
  1284.16052007	    -0.15747132
  1284.66058257	    -0.14254094
  1285.16064508	    -0.12626943
  1285.66070759	    -0.10924037
  1286.16077010	    -0.09208545
  1286.66083260	    -0.07545872
  1287.16089511	    -0.06001071
  1287.66095762	    -0.04636121
  1288.16102013	    -0.03506975
  1288.66108264	    -0.02660388
  1289.16114514	    -0.02130707
  1289.66120765	    -0.01936992
  1290.16127016	    -0.02080933
  1290.66133267	    -0.02545986
  1291.16139517	    -0.03298014
  1291.66145768	    -0.04287466
  1292.16152019	    -0.05452892
  1292.66158270	    -0.06725430
  1293.16164521	    -0.08033785
  1293.66170771	    -0.09309241
  1294.16177022	    -0.10490250
  1294.66183273	    -0.11526196
  1295.16189524	    -0.12379991
  1295.66195774	    -0.13029277
  1296.16202025	    -0.13466176
  1296.66208276	    -0.13695728
  1297.16214527	    -0.13733354
  1297.66220778	    -0.13601793
  1298.16227028	    -0.13327981
  1298.66233279	    -0.12940251
  1299.16239530	    -0.12466114
  1299.66245781	    -0.11930699
  1300.16252032	    -0.11355842
  1300.66258282	    -0.10759708
  1301.16264533	    -0.10156803
  1301.66270784	    -0.09558257
  1302.16277035	    -0.08972233
  1302.66283285	    -0.08404404
  1303.16289536	    -0.07858417
  1303.66295787	    -0.07336316
  1304.16302038	    -0.06838921
  1304.66308289	    -0.06366127
  1305.16314539	    -0.05917162
  1305.66320790	    -0.05490777
  1306.16327041	    -0.05085400
  1306.66333292	    -0.04699249
  1307.16339542	    -0.04330415
  1307.66345793	    -0.03976923
  1308.16352044	    -0.03636773
  1308.66358295	    -0.03307971
  1309.16364546	    -0.02988547
  1309.66370796	    -0.02676570
  1310.16377047	    -0.02370158
  1310.66383298	    -0.02067491
  1311.16389549	    -0.01766814
  1311.66395799	    -0.01466461
  1312.16402050	    -0.01164871
  1312.66408301	    -0.00860620
  1313.16414552	    -0.00552459
  1313.66420803	    -0.00239370
  1314.16427053	     0.00079360
  1314.66433304	     0.00404057
  1315.16439555	     0.00734548
  1315.66445806	     0.01070037
  1316.16452057	     0.01408971
  1316.66458307	     0.01748905
  1317.16464558	     0.02086384
  1317.66470809	     0.02416863
  1318.16477060	     0.02734711
  1318.66483310	     0.03033312
  1319.16489561	     0.03305312
  1319.66495812	     0.03543021
  1320.16502063	     0.03738956
  1320.66508314	     0.03886494
  1321.16514564	     0.03980538
  1321.66520815	     0.04018110
  1322.16527066	     0.03998754
  1322.66533317	     0.03924674
  1323.16539567	     0.03800589
  1323.66545818	     0.03633324
  1324.16552069	     0.03431227
  1324.66558320	     0.03203504
  1325.16564571	     0.02959573
  1325.66570821	     0.02708490
  1326.16577072	     0.02458496
  1326.66583323	     0.02216667
  1327.16589574	     0.01988658
  1327.66595824	     0.01778523
  1328.16602075	     0.01588584
  1328.66608326	     0.01419341
  1329.16614577	     0.01269443
  1329.66620828	     0.01135707
  1330.16627078	     0.01013210
  1330.66633329	     0.00895451
  1331.16639580	     0.00774609
  1331.66645831	     0.00641883
  1332.16652082	     0.00487926
  1332.66658332	     0.00303365
  1333.16664583	     0.00079364
  1333.66670834	    -0.00191804
  1334.16677085	    -0.00516258
  1334.66683335	    -0.00898145
  1335.16689586	    -0.01339479
  1335.66695837	    -0.01840205
  1336.16702088	    -0.02398457
  1336.66708339	    -0.03010960
  1337.16714589	    -0.03673495
  1337.66720840	    -0.04381322
  1338.16727091	    -0.05129528
  1338.66733342	    -0.05913223
  1339.16739592	    -0.06727618
  1339.66745843	    -0.07567976
  1340.16752094	    -0.08429484
  1340.66758345	    -0.09307103
  1341.16764596	    -0.10195435
  1341.66770846	    -0.11088681
  1342.16777097	    -0.11980723
  1342.66783348	    -0.12865362
  1343.16789599	    -0.13736727
  1343.66795849	    -0.14589788
  1344.16802100	    -0.15420928
  1344.66808351	    -0.16228415
  1345.16814602	    -0.17012679
  1345.66820853	    -0.17776238
  1346.16827103	    -0.18523236
  1346.66833354	    -0.19258562
  1347.16839605	    -0.19986616
  1347.66845856	    -0.20709858
  1348.16852107	    -0.21427264
  1348.66858357	    -0.22132917
  1349.16864608	    -0.22814914
  1349.66870859	    -0.23454848
  1350.16877110	    -0.24028078
  1350.66883360	    -0.24504993
  1351.16889611	    -0.24853309
  1351.66895862	    -0.25041252
  1352.16902113	    -0.25041241
  1352.66908364	    -0.24833485
  1353.16914614	    -0.24408860
  1353.66920865	    -0.23770522
  1354.16927116	    -0.22934026
  1354.66933367	    -0.21926003
  1355.16939617	    -0.20781742
  1355.66945868	    -0.19542174
  1356.16952119	    -0.18250712
  1356.66958370	    -0.16950314
  1357.16964621	    -0.15680995
  1357.66970871	    -0.14477861
  1358.16977122	    -0.13369724
  1358.66983373	    -0.12378275
  1359.16989624	    -0.11517840
  1359.66995874	    -0.10795675
  1360.17002125	    -0.10212747
  1360.67008376	    -0.09764889
  1361.17014627	    -0.09444169
  1361.67020878	    -0.09240291
  1362.17027128	    -0.09141887
  1362.67033379	    -0.09137585
  1363.17039630	    -0.09216791
  1363.67045881	    -0.09370194
  1364.17052132	    -0.09590022
  1364.67058382	    -0.09870099
  1365.17064633	    -0.10205765
  1365.67070884	    -0.10593692
  1366.17077135	    -0.11031651
  1366.67083385	    -0.11518245
  1367.17089636	    -0.12052613
  1367.67095887	    -0.12634129
  1368.17102138	    -0.13262081
  1368.67108389	    -0.13935326
  1369.17114639	    -0.14651933
  1369.67120890	    -0.15408789
  1370.17127141	    -0.16201181
  1370.67133392	    -0.17022355
  1371.17139642	    -0.17863048
  1371.67145893	    -0.18711019
  1372.17152144	    -0.19550588
  1372.67158395	    -0.20362240
  1373.17164646	    -0.21122353
  1373.67170896	    -0.21803165
  1374.17177147	    -0.22373119
  1374.67183398	    -0.22797736
  1375.17189649	    -0.23041156
  1375.67195899	    -0.23068375
  1376.17202150	    -0.22848071
  1376.67208401	    -0.22355745
  1377.17214652	    -0.21576708
  1377.67220903	    -0.20508406
  1378.17227153	    -0.19161611
  1378.67233404	    -0.17560242
  1379.17239655	    -0.15739845
  1379.67245906	    -0.13745068
  1380.17252157	    -0.11626649
  1380.67258407	    -0.09438455
  1381.17264658	    -0.07234980
  1381.67270909	    -0.05069501
  1382.17277160	    -0.02992828
  1382.67283410	    -0.01052429
  1383.17289661	     0.00708370
  1383.67295912	     0.02251363
  1384.17302163	     0.03544704
  1384.67308414	     0.04564324
  1385.17314664	     0.05295249
  1385.67320915	     0.05732486
  1386.17327166	     0.05881145
  1386.67333417	     0.05755656
  1387.17339667	     0.05378128
  1387.67345918	     0.04776085
  1388.17352169	     0.03979946
  1388.67358420	     0.03020611
  1389.17364671	     0.01927458
  1389.67370921	     0.00726890
  1390.17377172	    -0.00558498
  1390.67383423	    -0.01910207
  1391.17389674	    -0.03313673
  1391.67395924	    -0.04757786
  1392.17402175	    -0.06234193
  1392.67408426	    -0.07736477
  1393.17414677	    -0.09259278
  1393.67420928	    -0.10797390
  1394.17427178	    -0.12344885
  1394.67433429	    -0.13894280
  1395.17439680	    -0.15435814
  1395.67445931	    -0.16956887
  1396.17452182	    -0.18441750
  1396.67458432	    -0.19871560
  1397.17464683	    -0.21224874
  1397.67470934	    -0.22478671
  1398.17477185	    -0.23609876
  1398.67483435	    -0.24597281
  1399.17489686	    -0.25423637
  1399.67495937	    -0.26077581
  1400.17502188	    -0.26555054
  1400.67508439	    -0.26859903
  1401.17514689	    -0.27003534
  1401.67520940	    -0.27003652
  1402.17527191	    -0.26882328
  1402.67533442	    -0.26663724
  1403.17539692	    -0.26371841
  1403.67545943	    -0.26028594
  1404.17552194	    -0.25652402
  1404.67558445	    -0.25257385
  1405.17564696	    -0.24853164
  1405.67570946	    -0.24445200
  1406.17577197	    -0.24035556
  1406.67583448	    -0.23623961
  1407.17589699	    -0.23209007
  1407.67595949	    -0.22789321
  1408.17602200	    -0.22364539
  1408.67608451	    -0.21935958
  1409.17614702	    -0.21506792
  1409.67620953	    -0.21082032
  1410.17627203	    -0.20667975
  1410.67633454	    -0.20271550
  1411.17639705	    -0.19899558
  1411.67645956	    -0.19557931
  1412.17652207	    -0.19251108
  1412.67658457	    -0.18981531
  1413.17664708	    -0.18749306
  1413.67670959	    -0.18551993
  1414.17677210	    -0.18384554
  1414.67683460	    -0.18239440
  1415.17689711	    -0.18106862
  1415.67695962	    -0.17975256
  1416.17702213	    -0.17831960
  1416.67708464	    -0.17664099
  1417.17714714	    -0.17459606
  1417.67720965	    -0.17208282
  1418.17727216	    -0.16902742
  1418.67733467	    -0.16539097
  1419.17739717	    -0.16117248
  1419.67745968	    -0.15640740
  1420.17752219	    -0.15116223
  1420.67758470	    -0.14552621
  1421.17764721	    -0.13960171
  1421.67770971	    -0.13349488
  1422.17777222	    -0.12730773
  1422.67783473	    -0.12113225
  1423.17789724	    -0.11504690
  1423.67795974	    -0.10911504
  1424.17802225	    -0.10338502
  1424.67808476	    -0.09789130
  1425.17814727	    -0.09265625
  1425.67820978	    -0.08769214
  1426.17827228	    -0.08300318
  1426.67833479	    -0.07858742
  1427.17839730	    -0.07443831
  1427.67845981	    -0.07054610
  1428.17852232	    -0.06689890
  1428.67858482	    -0.06348357
  1429.17864733	    -0.06028631
  1429.67870984	    -0.05729321
  1430.17877235	    -0.05449053
  1430.67883485	    -0.05186496
  1431.17889736	    -0.04940379
  1431.67895987	    -0.04709498
  1432.17902238	    -0.04492724
  1432.67908489	    -0.04289001
  1433.17914739	    -0.04097346
  1433.67920990	    -0.03916851
  1434.17927241	    -0.03746673
  1434.67933492	    -0.03586038
  1435.17939742	    -0.03434228
  1435.67945993	    -0.03290584
  1436.17952244	    -0.03154500
  1436.67958495	    -0.03025415
  1437.17964746	    -0.02902814
  1437.67970996	    -0.02786222
  1438.17977247	    -0.02675200
  1438.67983498	    -0.02569343
  1439.17989749	    -0.02468277
  1439.67996000	    -0.02371653
  1440.18002250	    -0.02279149
  1440.68008501	    -0.02190467
  1441.18014752	    -0.02105326
  1441.68021003	    -0.02023467
  1442.18027253	    -0.01944645
  1442.68033504	    -0.01868631
  1443.18039755	    -0.01795210
  1443.68046006	    -0.01724179
  1444.18052257	    -0.01655344
  1444.68058507	    -0.01588524
  1445.18064758	    -0.01523543
  1445.68071009	    -0.01460238
  1446.18077260	    -0.01398450
  1446.68083510	    -0.01338027
  1447.18089761	    -0.01278827
  1447.68096012	    -0.01220712
  1448.18102263	    -0.01163556
  1448.68108514	    -0.01107240
  1449.18114764	    -0.01051656
  1449.68121015	    -0.00996710
  1450.18127266	    -0.00942325
  1450.68133517	    -0.00888444
  1451.18139767	    -0.00835038
  1451.68146018	    -0.00782106
  1452.18152269	    -0.00729686
  1452.68158520	    -0.00677858
  1453.18164771	    -0.00626747
  1453.68171021	    -0.00576529
  1454.18177272	    -0.00527423
  1454.68183523	    -0.00479688
  1455.18189774	    -0.00433610
  1455.68196025	    -0.00389477
  1456.18202275	    -0.00347557
  1456.68208526	    -0.00308069
  1457.18214777	    -0.00271155
  1457.68221028	    -0.00236864
  1458.18227278	    -0.00205135
  1458.68233529	    -0.00175801
  1459.18239780	    -0.00148603
  1459.68246031	    -0.00123214
  1460.18252282	    -0.00099259
  1460.68258532	    -0.00076350
  1461.18264783	    -0.00054108
  1461.68271034	    -0.00032179
  1462.18277285	    -0.00010247
  1462.68283535	     0.00011960
  1463.18289786	     0.00034669
  1463.68296037	     0.00058065
  1464.18302288	     0.00082299
  1464.68308539	     0.00107489
  1465.18314789	     0.00133732
  1465.68321040	     0.00161103
  1466.18327291	     0.00189668
  1466.68333542	     0.00219480
  1467.18339792	     0.00250590
  1467.68346043	     0.00283044
  1468.18352294	     0.00316888
  1468.68358545	     0.00352166
  1469.18364796	     0.00388925
  1469.68371046	     0.00427209
  1470.18377297	     0.00467062
  1470.68383548	     0.00508523
  1471.18389799	     0.00551624
  1471.68396050	     0.00596386
  1472.18402300	     0.00642811
  1472.68408551	     0.00690877
  1473.18414802	     0.00740526
  1473.68421053	     0.00791653
  1474.18427303	     0.00844095
  1474.68433554	     0.00897614
  1475.18439805	     0.00951883
  1475.68446056	     0.01006472
  1476.18452307	     0.01060840
  1476.68458557	     0.01114327
  1477.18464808	     0.01166165
  1477.68471059	     0.01215495
  1478.18477310	     0.01261405
  1478.68483560	     0.01302979
  1479.18489811	     0.01339364
  1479.68496062	     0.01369838
  1480.18502313	     0.01393875
  1480.68508564	     0.01411201
  1481.18514814	     0.01421825
  1481.68521065	     0.01426043
  1482.18527316	     0.01424431
  1482.68533567	     0.01417813
  1483.18539817	     0.01407243
  1483.68546068	     0.01393983
  1484.18552319	     0.01379520
  1484.68558570	     0.01365596
  1485.18564821	     0.01354277
  1485.68571071	     0.01348043
  1486.18577322	     0.01349899
  1486.68583573	     0.01363492
  1487.18589824	     0.01393223
  1487.68596075	     0.01444331
  1488.18602325	     0.01522939
  1488.68608576	     0.01636034
  1489.18614827	     0.01791377
  1489.68621078	     0.01997347
  1490.18627328	     0.02262732
  1490.68633579	     0.02596510
  1491.18639830	     0.03007669
  1491.68646081	     0.03505100
  1492.18652332	     0.04097600
  1492.68658582	     0.04793952
  1493.18664833	     0.05603033
  1493.68671084	     0.06533825
  1494.18677335	     0.07595214
  1494.68683585	     0.08795402
  1495.18689836	     0.10140829
  1495.68696087	     0.11634518
  1496.18702338	     0.13273870
  1496.68708589	     0.15048075
  1497.18714839	     0.16935497
  1497.68721090	     0.18901544
  1498.18727341	     0.20897718
  1498.68733592	     0.22862458
  1499.18739842	     0.24724229
  1499.68746093	     0.26406831
  1500.18752344	     0.27836384
  1500.68758595	     0.28948884
  1501.18764846	     0.29696987
  1501.68771096	     0.30054735
  1502.18777347	     0.30019424
  1502.68783598	     0.29610476
  1503.18789849	     0.28865823
  1503.68796100	     0.27836743
  1504.18802350	     0.26582184
  1504.68808601	     0.25163466
  1505.18814852	     0.23639900
  1505.68821103	     0.22065575
  1506.18827353	     0.20487273
  1506.68833604	     0.18943362
  1507.18839855	     0.17463451
  1507.68846106	     0.16068634
  1508.18852357	     0.14772168
  1508.68858607	     0.13580469
  1509.18864858	     0.12494318
  1509.68871109	     0.11510158
  1510.18877360	     0.10621398
  1510.68883610	     0.09819596
  1511.18889861	     0.09095468
  1511.68896112	     0.08439682
  1512.18902363	     0.07843412
  1512.68908614	     0.07298676
  1513.18914864	     0.06798503
  1513.68921115	     0.06336951
  1514.18927366	     0.05909043
  1514.68933617	     0.05510647
  1515.18939867	     0.05138339
  1515.68946118	     0.04789260
  1516.18952369	     0.04461004
  1516.68958620	     0.04151509
  1517.18964871	     0.03858981
  1517.68971121	     0.03581835
  1518.18977372	     0.03318649
  1518.68983623	     0.03068133
  1519.18989874	     0.02829101
  1519.68996125	     0.02600461
  1520.19002375	     0.02381195
  1520.69008626	     0.02170353
  1521.19014877	     0.01967044
  1521.69021128	     0.01770427
  1522.19027378	     0.01579705
  1522.69033629	     0.01394122
  1523.19039880	     0.01212953
  1523.69046131	     0.01035506
  1524.19052382	     0.00861107
  1524.69058632	     0.00689107
  1525.19064883	     0.00518868
  1525.69071134	     0.00349762
  1526.19077385	     0.00181169
  1526.69083635	     0.00012468
  1527.19089886	    -0.00156964
  1527.69096137	    -0.00327756
  1528.19102388	    -0.00500553
  1528.69108639	    -0.00676014
  1529.19114889	    -0.00854820
  1529.69121140	    -0.01037680
  1530.19127391	    -0.01225335
  1530.69133642	    -0.01418564
  1531.19139892	    -0.01618188
  1531.69146143	    -0.01825083
  1532.19152394	    -0.02040177
  1532.69158645	    -0.02264466
  1533.19164896	    -0.02499016
  1533.69171146	    -0.02744974
  1534.19177397	    -0.03003574
  1534.69183648	    -0.03276149
  1535.19189899	    -0.03564135
  1535.69196150	    -0.03869084
  1536.19202400	    -0.04192667
  1536.69208651	    -0.04536686
  1537.19214902	    -0.04903076
  1537.69221153	    -0.05293907
  1538.19227403	    -0.05711383
  1538.69233654	    -0.06157835
  1539.19239905	    -0.06635705
  1539.69246156	    -0.07147515
  1540.19252407	    -0.07695831
  1540.69258657	    -0.08283196
  1541.19264908	    -0.08912039
  1541.69271159	    -0.09584562
  1542.19277410	    -0.10302569
  1542.69283660	    -0.11067259
  1543.19289911	    -0.11878952
  1543.69296162	    -0.12736765
  1544.19302413	    -0.13638208
  1544.69308664	    -0.14578734
  1545.19314914	    -0.15551252
  1545.69321165	    -0.16545640
  1546.19327416	    -0.17548327
  1546.69333667	    -0.18542028
  1547.19339917	    -0.19505744
  1547.69346168	    -0.20415149
  1548.19352419	    -0.21243463
  1548.69358670	    -0.21962857
  1549.19364921	    -0.22546356
  1549.69371171	    -0.22970062
  1550.19377422	    -0.23215412
  1550.69383673	    -0.23271115
  1551.19389924	    -0.23134396
  1551.69396175	    -0.22811312
  1552.19402425	    -0.22316071
  1552.69408676	    -0.21669485
  1553.19414927	    -0.20896875
  1553.69421178	    -0.20025780
  1554.19427428	    -0.19083830
  1554.69433679	    -0.18097015
  1555.19439930	    -0.17088484
  1555.69446181	    -0.16077859
  1556.19452432	    -0.15081012
  1556.69458682	    -0.14110172
  1557.19464933	    -0.13174267
  1557.69471184	    -0.12279369
  1558.19477435	    -0.11429193
  1558.69483685	    -0.10625573
  1559.19489936	    -0.09868892
  1559.69496187	    -0.09158460
  1560.19502438	    -0.08492819
  1560.69508689	    -0.07869990
  1561.19514939	    -0.07287664
  1561.69521190	    -0.06743352
  1562.19527441	    -0.06234490
  1562.69533692	    -0.05758519
  1563.19539942	    -0.05312936
  1563.69546193	    -0.04895337
  1564.19552444	    -0.04503430
  1564.69558695	    -0.04135058
  1565.19564946	    -0.03788197
  1565.69571196	    -0.03460958
  1566.19577447	    -0.03151585
  1566.69583698	    -0.02858447
  1567.19589949	    -0.02580034
  1567.69596200	    -0.02314945
  1568.19602450	    -0.02061882
  1568.69608701	    -0.01819640
  1569.19614952	    -0.01587100
  1569.69621203	    -0.01363220
  1570.19627453	    -0.01147027
  1570.69633704	    -0.00937610
  1571.19639955	    -0.00734114
  1571.69646206	    -0.00535729
  1572.19652457	    -0.00341692
  1572.69658707	    -0.00151272
  1573.19664958	     0.00036229
  1573.69671209	     0.00221484
  1574.19677460	     0.00405146
  1574.69683710	     0.00587851
  1575.19689961	     0.00770223
  1575.69696212	     0.00952883
  1576.19702463	     0.01136445
  1576.69708714	     0.01321529
  1577.19714964	     0.01508757
  1577.69721215	     0.01698767
  1578.19727466	     0.01892207
  1578.69733717	     0.02089750
  1579.19739967	     0.02292089
  1579.69746218	     0.02499951
  1580.19752469	     0.02714095
  1580.69758720	     0.02935323
  1581.19764971	     0.03164483
  1581.69771221	     0.03402477
  1582.19777472	     0.03650268
  1582.69783723	     0.03908885
  1583.19789974	     0.04179435
  1583.69796225	     0.04463109
  1584.19802475	     0.04761194
  1584.69808726	     0.05075079
  1585.19814977	     0.05406271
  1585.69821228	     0.05756402
  1586.19827478	     0.06127245
  1586.69833729	     0.06520722
  1587.19839980	     0.06938922
  1587.69846231	     0.07384111
  1588.19852482	     0.07858744
  1588.69858732	     0.08365477
  1589.19864983	     0.08907176
  1589.69871234	     0.09486919
  1590.19877485	     0.10108000
  1590.69883735	     0.10773920
  1591.19889986	     0.11488363
  1591.69896237	     0.12255167
  1592.19902488	     0.13078262
  1592.69908739	     0.13961590
  1593.19914989	     0.14908983
  1593.69921240	     0.15923995
  1594.19927491	     0.17009675
  1594.69933742	     0.18168271
  1595.19939993	     0.19400847
  1595.69946243	     0.20706805
  1596.19952494	     0.22083309
  1596.69958745	     0.23524615
  1597.19964996	     0.25021324
  1597.69971246	     0.26559626
  1598.19977497	     0.28120587
  1598.69983748	     0.29679631
  1599.19989999	     0.31206360
  1599.69996250	     0.32664898
  1600.20002500	     0.34014941
  1600.70008751	     0.35213617
  1601.20015002	     0.36218160
  1601.70021253	     0.36989211
  1602.20027503	     0.37494367
  1602.70033754	     0.37711444
  1603.20040005	     0.37630888
  1603.70046256	     0.37256852
  1604.20052507	     0.36606727
  1604.70058757	     0.35709217
  1605.20065008	     0.34601350
  1605.70071259	     0.33324972
  1606.20077510	     0.31923294
  1606.70083760	     0.30437934
  1607.20090011	     0.28906720
  1607.70096262	     0.27362331
  1608.20102513	     0.25831688
  1608.70108764	     0.24335946
  1609.20115014	     0.22890902
  1609.70121265	     0.21507643
  1610.20127516	     0.20193301
  1610.70133767	     0.18951808
  1611.20140018	     0.17784601
  1611.70146268	     0.16691242
  1612.20152519	     0.15669927
  1612.70158770	     0.14717911
  1613.20165021	     0.13831837
  1613.70171271	     0.13007987
  1614.20177522	     0.12242474
  1614.70183773	     0.11531380
  1615.20190024	     0.10870852
  1615.70196275	     0.10257170
  1616.20202525	     0.09686789
  1616.70208776	     0.09156365
  1617.20215027	     0.08662767
  1617.70221278	     0.08203083
  1618.20227528	     0.07774611
  1618.70233779	     0.07374858
  1619.20240030	     0.07001526
  1619.70246281	     0.06652503
  1620.20252532	     0.06325848
  1620.70258782	     0.06019783
  1621.20265033	     0.05732674
  1621.70271284	     0.05463029
  1622.20277535	     0.05209476
  1622.70283785	     0.04970764
  1623.20290036	     0.04745747
  1623.70296287	     0.04533377
  1624.20302538	     0.04332703
  1624.70308789	     0.04142859
  1625.20315039	     0.03963064
  1625.70321290	     0.03792618
  1626.20327541	     0.03630900
  1626.70333792	     0.03477364
  1627.20340043	     0.03331544
  1627.70346293	     0.03193046
  1628.20352544	     0.03061549
  1628.70358795	     0.02936795
  1629.20365046	     0.02818584
  1629.70371296	     0.02706759
  1630.20377547	     0.02601191
  1630.70383798	     0.02501756
  1631.20390049	     0.02408318
  1631.70396300	     0.02320707
  1632.20402550	     0.02238710
  1632.70408801	     0.02162060
  1633.20415052	     0.02090439
  1633.70421303	     0.02023486
  1634.20427553	     0.01960817
  1634.70433804	     0.01902035
  1635.20440055	     0.01846749
  1635.70446306	     0.01794591
  1636.20452557	     0.01745222
  1636.70458807	     0.01698341
  1637.20465058	     0.01653685
  1637.70471309	     0.01611029
  1638.20477560	     0.01570184
  1638.70483810	     0.01530990
  1639.20490061	     0.01493315
  1639.70496312	     0.01457052
  1640.20502563	     0.01422107
  1640.70508814	     0.01388405
  1641.20515064	     0.01355883
  1641.70521315	     0.01324484
  1642.20527566	     0.01294161
  1642.70533817	     0.01264874
  1643.20540068	     0.01236585
  1643.70546318	     0.01209262
  1644.20552569	     0.01182876
  1644.70558820	     0.01157399
  1645.20565071	     0.01132807
  1645.70571321	     0.01109078
  1646.20577572	     0.01086191
  1646.70583823	     0.01064127
  1647.20590074	     0.01042870
  1647.70596325	     0.01022404
  1648.20602575	     0.01002715
  1648.70608826	     0.00983792
  1649.20615077	     0.00965625
  1649.70621328	     0.00948204
  1650.20627578	     0.00931524
  1650.70633829	     0.00915579
  1651.20640080	     0.00900368
  1651.70646331	     0.00885888
  1652.20652582	     0.00872141
  1652.70658832	     0.00859131
  1653.20665083	     0.00846861
  1653.70671334	     0.00835339
  1654.20677585	     0.00824573
  1654.70683835	     0.00814572
  1655.20690086	     0.00805345
  1655.70696337	     0.00796903
  1656.20702588	     0.00789253
  1656.70708839	     0.00782403
  1657.20715089	     0.00776352
  1657.70721340	     0.00771096
  1658.20727591	     0.00766620
  1658.70733842	     0.00762895
  1659.20740093	     0.00759875
  1659.70746343	     0.00757494
  1660.20752594	     0.00755657
  1660.70758845	     0.00754239
  1661.20765096	     0.00753081
  1661.70771346	     0.00751989
  1662.20777597	     0.00750737
  1662.70783848	     0.00749072
  1663.20790099	     0.00746725
  1663.70796350	     0.00743428
  1664.20802600	     0.00738937
  1664.70808851	     0.00733048
  1665.20815102	     0.00725621
  1665.70821353	     0.00716592
  1666.20827603	     0.00705982
  1666.70833854	     0.00693892
  1667.20840105	     0.00680492
  1667.70846356	     0.00666001
  1668.20852607	     0.00650668
  1668.70858857	     0.00634752
  1669.20865108	     0.00618498
  1669.70871359	     0.00602133
  1670.20877610	     0.00585849
  1670.70883860	     0.00569805
  1671.20890111	     0.00554124
  1671.70896362	     0.00538898
  1672.20902613	     0.00524189
  1672.70908864	     0.00510038
  1673.20915114	     0.00496463
  1673.70921365	     0.00483469
  1674.20927616	     0.00471051
  1674.70933867	     0.00459193
  1675.20940118	     0.00447876
  1675.70946368	     0.00437076
  1676.20952619	     0.00426768
  1676.70958870	     0.00416924
  1677.20965121	     0.00407518
  1677.70971371	     0.00398524
  1678.20977622	     0.00389916
  1678.70983873	     0.00381672
  1679.20990124	     0.00373767
  1679.70996375	     0.00366180
  1680.21002625	     0.00358892
  1680.71008876	     0.00351884
  1681.21015127	     0.00345138
  1681.71021378	     0.00338638
  1682.21027628	     0.00332370
  1682.71033879	     0.00326320
  1683.21040130	     0.00320475
  1683.71046381	     0.00314824
  1684.21052632	     0.00309355
  1684.71058882	     0.00304059
  1685.21065133	     0.00298926
  1685.71071384	     0.00293948
  1686.21077635	     0.00289117
  1686.71083885	     0.00284426
  1687.21090136	     0.00279867
  1687.71096387	     0.00275435
  1688.21102638	     0.00271123
  1688.71108889	     0.00266925
  1689.21115139	     0.00262838
  1689.71121390	     0.00258855
  1690.21127641	     0.00254973
  1690.71133892	     0.00251187
  1691.21140143	     0.00247493
  1691.71146393	     0.00243888
  1692.21152644	     0.00240368
  1692.71158895	     0.00236929
  1693.21165146	     0.00233570
  1693.71171396	     0.00230286
  1694.21177647	     0.00227075
  1694.71183898	     0.00223934
  1695.21190149	     0.00220862
  1695.71196400	     0.00217855
  1696.21202650	     0.00214912
  1696.71208901	     0.00212030
  1697.21215152	     0.00209208
  1697.71221403	     0.00206442
  1698.21227653	     0.00203733
  1698.71233904	     0.00201078
  1699.21240155	     0.00198474
  1699.71246406	     0.00195922
  1700.21252657	     0.00193419
  1700.71258907	     0.00190963
  1701.21265158	     0.00188554
  1701.71271409	     0.00186191
  1702.21277660	     0.00183871
  1702.71283910	     0.00181593
  1703.21290161	     0.00179358
  1703.71296412	     0.00177162
  1704.21302663	     0.00175006
  1704.71308914	     0.00172889
  1705.21315164	     0.00170808
  1705.71321415	     0.00168764
  1706.21327666	     0.00166756
  1706.71333917	     0.00164782
  1707.21340168	     0.00162842
  1707.71346418	     0.00160935
  1708.21352669	     0.00159059
  1708.71358920	     0.00157215
  1709.21365171	     0.00155402
  1709.71371421	     0.00153619
  1710.21377672	     0.00151865
  1710.71383923	     0.00150139
  1711.21390174	     0.00148441
  1711.71396425	     0.00146771
  1712.21402675	     0.00145127
  1712.71408926	     0.00143509
  1713.21415177	     0.00141917
  1713.71421428	     0.00140349
  1714.21427678	     0.00138806
  1714.71433929	     0.00137287
  1715.21440180	     0.00135791
  1715.71446431	     0.00134318
  1716.21452682	     0.00132868
  1716.71458932	     0.00131439
  1717.21465183	     0.00130032
  1717.71471434	     0.00128646
  1718.21477685	     0.00127280
  1718.71483935	     0.00125935
  1719.21490186	     0.00124609
  1719.71496437	     0.00123303
  1720.21502688	     0.00122016
  1720.71508939	     0.00120747
  1721.21515189	     0.00119497
  1721.71521440	     0.00118265
  1722.21527691	     0.00117050
  1722.71533942	     0.00115852
  1723.21540193	     0.00114672
  1723.71546443	     0.00113508
  1724.21552694	     0.00112360
  1724.71558945	     0.00111228
  1725.21565196	     0.00110112
  1725.71571446	     0.00109011
  1726.21577697	     0.00107926
  1726.71583948	     0.00106855
  1727.21590199	     0.00105799
  1727.71596450	     0.00104757
  1728.21602700	     0.00103729
  1728.71608951	     0.00102715
  1729.21615202	     0.00101715
  1729.71621453	     0.00100727
  1730.21627703	     0.00099753
  1730.71633954	     0.00098792
  1731.21640205	     0.00097843
  1731.71646456	     0.00096907
  1732.21652707	     0.00095983
  1732.71658957	     0.00095071
  1733.21665208	     0.00094171
  1733.71671459	     0.00093282
  1734.21677710	     0.00092405
  1734.71683960	     0.00091538
  1735.21690211	     0.00090683
  1735.71696462	     0.00089839
  1736.21702713	     0.00089005
  1736.71708964	     0.00088182
  1737.21715214	     0.00087369
  1737.71721465	     0.00086566
  1738.21727716	     0.00085773
  1738.71733967	     0.00084990
  1739.21740218	     0.00084217
  1739.71746468	     0.00083453
  1740.21752719	     0.00082699
  1740.71758970	     0.00081953
  1741.21765221	     0.00081217
  1741.71771471	     0.00080489
  1742.21777722	     0.00079771
  1742.71783973	     0.00079061
  1743.21790224	     0.00078359
  1743.71796475	     0.00077666
  1744.21802725	     0.00076981
  1744.71808976	     0.00076304
  1745.21815227	     0.00075635
  1745.71821478	     0.00074974
  1746.21827728	     0.00074321
  1746.71833979	     0.00073675
  1747.21840230	     0.00073037
  1747.71846481	     0.00072406
  1748.21852732	     0.00071782
  1748.71858982	     0.00071166
  1749.21865233	     0.00070556
  1749.71871484	     0.00069954
  1750.21877735	     0.00069358
