   935.86698338	     0.08180754
   936.35954494	     0.07920722
   936.85210651	     0.07661305
   937.34466808	     0.07408171
   937.83722966	     0.07165728
   938.32979122	     0.06937250
   938.82235279	     0.06725033
   939.31491436	     0.06530578
   939.80747594	     0.06354751
   940.30003751	     0.06197942
   940.79259907	     0.06060185
   941.28516064	     0.05941271
   941.77772222	     0.05840837
   942.27028379	     0.05758427
   942.76284536	     0.05693546
   943.25540692	     0.05645705
   943.74796850	     0.05614439
   944.24053007	     0.05599341
   944.73309164	     0.05600066
   945.22565320	     0.05616349
   945.71821477	     0.05648009
   946.21077635	     0.05694957
   946.70333792	     0.05757198
   947.19589948	     0.05834831
   947.68846105	     0.05928054
   948.18102263	     0.06037161
   948.67358420	     0.06162543
   949.16614577	     0.06304685
   949.65870733	     0.06464166
   950.15126891	     0.06641644
   950.64383048	     0.06837855
   951.13639205	     0.07053602
   951.62895362	     0.07289725
   952.12151519	     0.07547087
   952.61407676	     0.07826537
   953.10663833	     0.08128867
   953.59919990	     0.08454758
   954.09176148	     0.08804716
   954.58432304	     0.09178993
   955.07688461	     0.09577507
   955.56944618	     0.09999743
   956.06200775	     0.10444672
   956.55456932	     0.10910665
   957.04713089	     0.11395443
   957.53969246	     0.11896036
   958.03225403	     0.12408790
   958.52481560	     0.12929401
   959.01737717	     0.13452964
   959.50993874	     0.13974024
   960.00250031	     0.14486618
   960.49506189	     0.14984295
   960.98762345	     0.15460134
   961.48018502	     0.15906804
   961.97274659	     0.16316698
   962.46530817	     0.16682240
   962.95786974	     0.16996339
   963.45043130	     0.17252998
   963.94299287	     0.17447979
   964.43555445	     0.17579405
   964.92811602	     0.17648157
   965.42067758	     0.17657957
   965.91323915	     0.17615101
   966.40580073	     0.17527888
   966.89836230	     0.17405848
   967.39092387	     0.17258921
   967.88348543	     0.17096712
   968.37604700	     0.16927946
   968.86860858	     0.16760156
   969.36117015	     0.16599606
   969.85373172	     0.16451406
   970.34629328	     0.16319759
   970.83885486	     0.16208255
   971.33141643	     0.16120120
   971.82397800	     0.16058423
   972.31653956	     0.16026146
   972.80910114	     0.16026174
   973.30166271	     0.16061194
   973.79422428	     0.16133530
   974.28678584	     0.16244954
   974.77934742	     0.16396486
   975.27190899	     0.16588195
   975.76447056	     0.16819003
   976.25703213	     0.17086515
   976.74959370	     0.17386860
   977.24215527	     0.17714586
   977.73471684	     0.18062614
   978.22727841	     0.18422319
   978.71983998	     0.18783757
   979.21240155	     0.19136097
   979.70496312	     0.19468238
   980.19752469	     0.19769639
   980.69008626	     0.20031217
   981.18264783	     0.20246267
   981.67520940	     0.20411191
   982.16777097	     0.20525955
   982.66033254	     0.20594148
   983.15289412	     0.20622652
   983.64545568	     0.20620996
   984.13801725	     0.20600504
   984.63057882	     0.20573404
   985.12314040	     0.20552015
   985.61570196	     0.20548117
   986.10826353	     0.20572517
   986.60082510	     0.20634842
   987.09338668	     0.20743484
   987.58594825	     0.20905690
   988.07850981	     0.21127729
   988.57107138	     0.21415093
   989.06363295	     0.21772725
   989.55619453	     0.22205228
   990.04875610	     0.22717060
   990.54131766	     0.23312707
   991.03387923	     0.23996815
   991.52644081	     0.24774322
   992.01900238	     0.25650531
   992.51156394	     0.26631181
   993.00412551	     0.27722477
   993.49668709	     0.28931091
   993.98924866	     0.30264131
   994.48181023	     0.31729055
   994.97437179	     0.33333536
   995.46693337	     0.35085249
   995.95949494	     0.36991562
   996.45205651	     0.39059114
   996.94461807	     0.41293239
   997.43717965	     0.43697214
   997.92974122	     0.46271283
   998.42230279	     0.49011456
   998.91486436	     0.51908031
   999.40742592	     0.54943882
   999.89998750	     0.58092546
  1000.39254907	     0.61316228
  1000.88511064	     0.64563925
  1001.37767220	     0.67769975
  1001.87023378	     0.70853442
  1002.36279535	     0.73718800
  1002.85535692	     0.76258427
  1003.34791849	     0.78357242
  1003.84048006	     0.79899580
  1004.33304163	     0.80777932
  1004.82560320	     0.80902672
  1005.31816477	     0.80211457
  1005.81072635	     0.78676777
  1006.30328791	     0.76310313
  1006.79584948	     0.73163341
  1007.28841105	     0.69323162
  1007.78097263	     0.64906364
  1008.27353419	     0.60050100
  1008.76609576	     0.54902747
  1009.25865733	     0.49615007
  1009.75121890	     0.44332073
  1010.24378048	     0.39187130
  1010.73634204	     0.34296168
  1011.22890361	     0.29754038
  1011.72146518	     0.25631792
  1012.21402676	     0.21975429
  1012.70658832	     0.18806213
  1013.19914989	     0.16122592
  1013.69171146	     0.13903596
  1014.18427304	     0.12113264
  1014.67683461	     0.10705561
  1015.16939617	     0.09629180
  1015.66195774	     0.08831720
  1016.15451932	     0.08262950
  1016.64708089	     0.07877033
  1017.13964245	     0.07633795
  1017.63220402	     0.07499200
  1018.12476560	     0.07445245
  1018.61732717	     0.07449475
  1019.10988874	     0.07494309
  1019.60245030	     0.07566281
  1020.09501187	     0.07655301
  1020.58757345	     0.07753985
  1021.08013502	     0.07857061
  1021.57269659	     0.07960884
  1022.06525815	     0.08063032
  1022.55781973	     0.08161992
  1023.05038130	     0.08256915
  1023.54294287	     0.08347431
  1024.03550443	     0.08433522
  1024.52806601	     0.08515423
  1025.02062758	     0.08593577
  1025.51318915	     0.08668610
  1026.00575072	     0.08741339
  1026.49831229	     0.08812815
  1026.99087386	     0.08884399
  1027.48343543	     0.08957857
  1027.97599700	     0.09035527
  1028.46855857	     0.09120495
  1028.96112014	     0.09216856
  1029.45368171	     0.09330011
  1029.94624328	     0.09467027
  1030.43880485	     0.09637061
  1030.93136642	     0.09851805
  1031.42392799	     0.10125945
  1031.91648956	     0.10477580
  1032.40905113	     0.10928510
  1032.90161270	     0.11504310
  1033.39417427	     0.12234073
  1033.88673584	     0.13149701
  1034.37929741	     0.14284686
  1034.87185899	     0.15672356
  1035.36442055	     0.17343687
  1035.85698212	     0.19324872
  1036.34954369	     0.21634959
  1036.84210527	     0.24283854
  1037.33466684	     0.27270962
  1037.82722840	     0.30584589
  1038.31978997	     0.34202081
  1038.81235155	     0.38090528
  1039.30491312	     0.42207832
  1039.79747468	     0.46503958
  1040.29003625	     0.50922323
  1040.78259782	     0.55401407
  1041.27515940	     0.59876758
  1041.76772097	     0.64283550
  1042.26028253	     0.68559746
  1042.75284410	     0.72649675
  1043.24540568	     0.76507555
  1043.73796725	     0.80100286
  1044.23052881	     0.83408772
  1044.72309038	     0.86427144
  1045.21565196	     0.89159669
  1045.70821353	     0.91615526
  1046.20077510	     0.93802096
  1046.69333666	     0.95717734
  1047.18589824	     0.97345089
  1047.67845981	     0.98646024
  1048.17102138	     0.99559049
  1048.66358294	     1.00000000
  1049.15614452	     0.99866413
  1049.64870609	     0.99045681
  1050.14126766	     0.97426566
  1050.63382923	     0.94912998
  1051.12639079	     0.91438497
  1051.61895237	     0.86979077
  1052.11151394	     0.81562504
  1052.60407551	     0.75272235
  1053.09663708	     0.68245226
  1053.58919865	     0.60663882
  1054.08176022	     0.52743270
  1054.57432179	     0.44715321
  1055.06688336	     0.36811900
  1055.55944493	     0.29248528
  1056.05200650	     0.22210314
  1056.54456807	     0.15841378
  1057.03712964	     0.10238638
  1057.52969122	     0.05450381
  1058.02225278	     0.01479383
  1058.51481435	    -0.01710239
  1059.00737592	    -0.04183781
  1059.49993750	    -0.06025814
  1059.99249906	    -0.07330527
  1060.48506063	    -0.08193592
  1060.97762220	    -0.08706056
  1061.47018377	    -0.08950373
  1061.96274535	    -0.08998349
  1062.45530691	    -0.08910588
  1062.94786848	    -0.08737003
  1063.44043005	    -0.08517971
  1063.93299163	    -0.08285791
  1064.42555319	    -0.08066216
  1064.91811476	    -0.07879876
  1065.41067633	    -0.07743495
  1065.90323791	    -0.07670839
  1066.39579948	    -0.07673375
  1066.88836104	    -0.07760667
  1067.38092261	    -0.07940543
  1067.87348419	    -0.08219106
  1068.36604576	    -0.08600685
  1068.85860733	    -0.09087823
  1069.35116889	    -0.09681352
  1069.84373047	    -0.10380637
  1070.33629204	    -0.11183942
  1070.82885361	    -0.12088910
  1071.32141517	    -0.13093081
  1071.81397674	    -0.14194379
  1072.30653832	    -0.15391535
  1072.79909989	    -0.16684392
  1073.29166146	    -0.18074117
  1073.78422302	    -0.19563308
  1074.27678460	    -0.21156012
  1074.76934617	    -0.22857711
  1075.26190774	    -0.24675245
  1075.75446930	    -0.26616726
  1076.24703088	    -0.28691419
  1076.73959245	    -0.30909614
  1077.23215402	    -0.33282463
  1077.72471559	    -0.35821770
  1078.21727716	    -0.38539730
  1078.70983873	    -0.41448569
  1079.20240030	    -0.44560083
  1079.69496187	    -0.47884998
  1080.18752344	    -0.51432160
  1080.68008501	    -0.55207474
  1081.17264658	    -0.59212569
  1081.66520815	    -0.63443146
  1082.15776972	    -0.67887028
  1082.65033129	    -0.72521905
  1083.14289286	    -0.77312912
  1083.63545443	    -0.82210207
  1084.12801600	    -0.87146856
  1084.62057758	    -0.92037468
  1085.11313914	    -0.96778117
  1085.60570071	    -1.01248149
  1086.09826228	    -1.05314397
  1086.59082386	    -1.08838049
  1087.08338542	    -1.11683995
  1087.57594699	    -1.13731850
  1088.06850856	    -1.14887253
  1088.56107014	    -1.15091637
  1089.05363171	    -1.14328704
  1089.54619327	    -1.12626310
  1090.03875484	    -1.10053397
  1090.53131642	    -1.06712621
  1091.02387799	    -1.02730132
  1091.51643955	    -0.98244352
  1092.00900112	    -0.93395461
  1092.50156270	    -0.88316828
  1092.99412427	    -0.83128997
  1093.48668584	    -0.77936235
  1093.97924740	    -0.72825290
  1094.47180897	    -0.67865725
  1094.96437055	    -0.63111254
  1095.45693212	    -0.58601516
  1095.94949368	    -0.54363932
  1096.44205525	    -0.50415419
  1096.93461683	    -0.46763880
  1097.42717840	    -0.43409523
  1097.91973997	    -0.40346059
  1098.41230153	    -0.37561881
  1098.90486311	    -0.35041240
  1099.39742468	    -0.32765412
  1099.88998625	    -0.30713814
  1100.38254782	    -0.28864964
  1100.87510939	    -0.27197259
  1101.36767096	    -0.25689510
  1101.86023253	    -0.24321257
  1102.35279410	    -0.23072882
  1102.84535567	    -0.21925601
  1103.33791724	    -0.20861385
  1103.83047881	    -0.19862896
  1104.32304038	    -0.18913501
  1104.81560195	    -0.17997403
  1105.30816352	    -0.17099895
  1105.80072509	    -0.16207749
  1106.29328666	    -0.15309633
  1106.78584823	    -0.14396522
  1107.27840980	    -0.13461950
  1107.77097137	    -0.12502089
  1108.26353294	    -0.11515565
  1108.75609451	    -0.10503063
  1109.24865609	    -0.09466764
  1109.74121765	    -0.08409719
  1110.23377922	    -0.07335239
  1110.72634079	    -0.06246366
  1111.21890237	    -0.05145494
  1111.71146394	    -0.04034113
  1112.20402550	    -0.02912678
  1112.69658707	    -0.01780590
  1113.18914865	    -0.00636225
  1113.68171022	     0.00522975
  1114.17427178	     0.01700419
  1114.66683335	     0.02900253
  1115.15939492	     0.04127275
  1115.65195650	     0.05386841
  1116.14451807	     0.06684795
  1116.63707963	     0.08027386
  1117.12964120	     0.09421195
  1117.62220278	     0.10873052
  1118.11476435	     0.12389919
  1118.60732591	     0.13978757
  1119.09988748	     0.15646340
  1119.59244906	     0.17398997
  1120.08501063	     0.19242288
  1120.57757220	     0.21180568
  1121.07013376	     0.23216431
  1121.56269534	     0.25350020
  1122.05525691	     0.27578182
  1122.54781848	     0.29893497
  1123.04038004	     0.32283182
  1123.53294162	     0.34727973
  1124.02550319	     0.37201064
  1124.51806476	     0.39667319
  1125.01062633	     0.42082964
  1125.50318789	     0.44396026
  1125.99574947	     0.46547806
  1126.48831104	     0.48475539
  1126.98087261	     0.50116260
  1127.47343418	     0.51411635
  1127.96599575	     0.52313199
  1128.45855732	     0.52787249
  1128.95111889	     0.52818517
  1129.44368046	     0.52411937
  1129.93624203	     0.51592117
  1130.42880360	     0.50400641
  1130.92136517	     0.48891753
  1131.41392674	     0.47127198
  1131.90648832	     0.45171092
  1132.39904988	     0.43085482
  1132.89161145	     0.40927014
  1133.38417302	     0.38744835
  1133.87673460	     0.36579613
  1134.36929616	     0.34463483
  1134.86185773	     0.32420605
  1135.35441930	     0.30468110
  1135.84698087	     0.28617210
  1136.33954245	     0.26874319
  1136.83210401	     0.25242111
  1137.32466558	     0.23720438
  1137.81722715	     0.22307116
  1138.30978873	     0.20998554
  1138.80235029	     0.19790263
  1139.29491186	     0.18677239
  1139.78747343	     0.17654271
  1140.28003501	     0.16716157
  1140.77259658	     0.15857869
  1141.26515814	     0.15074682
  1141.75771971	     0.14362259
  1142.25028129	     0.13716725
  1142.74284286	     0.13134727
  1143.23540443	     0.12613486
  1143.72796599	     0.12150843
  1144.22052757	     0.11745311
  1144.71308914	     0.11396112
  1145.20565071	     0.11103223
  1145.69821227	     0.10867384
  1146.19077384	     0.10690090
  1146.68333542	     0.10573511
  1147.17589699	     0.10520338
  1147.66845856	     0.10533509
  1148.16102012	     0.10615798
  1148.65358170	     0.10769242
  1149.14614327	     0.10994421
  1149.63870484	     0.11289646
  1150.13126640	     0.11650114
  1150.62382798	     0.12067188
  1151.11638955	     0.12527917
  1151.60895112	     0.13014972
  1152.10151269	     0.13507079
  1152.59407426	     0.13980029
  1153.08663583	     0.14408194
  1153.57919740	     0.14766444
  1154.07175897	     0.15032215
  1154.56432054	     0.15187466
  1155.05688211	     0.15220207
  1155.54944368	     0.15125364
  1156.04200525	     0.14904857
  1156.53456682	     0.14566909
  1157.02712839	     0.14124739
  1157.51968996	     0.13594918
  1158.01225153	     0.12995661
  1158.50481310	     0.12345287
  1158.99737468	     0.11661006
  1159.48993624	     0.10958096
  1159.98249781	     0.10249455
  1160.47505938	     0.09545462
  1160.96762096	     0.08854070
  1161.46018252	     0.08181030
  1161.95274409	     0.07530201
  1162.44530566	     0.06903879
  1162.93786724	     0.06303105
  1163.43042881	     0.05727952
  1163.92299037	     0.05177763
  1164.41555194	     0.04651350
  1164.90811352	     0.04147152
  1165.40067509	     0.03663354
  1165.89323665	     0.03197986
  1166.38579822	     0.02748982
  1166.87835979	     0.02314238
  1167.37092137	     0.01891640
  1167.86348294	     0.01479091
  1168.35604450	     0.01074525
  1168.84860607	     0.00675921
  1169.34116765	     0.00281309
  1169.83372922	    -0.00111214
  1170.32629078	    -0.00503480
  1170.81885235	    -0.00897227
  1171.31141393	    -0.01294077
  1171.80397550	    -0.01695505
  1172.29653707	    -0.02102793
  1172.78909863	    -0.02516976
  1173.28166021	    -0.02938758
  1173.77422178	    -0.03368436
  1174.26678335	    -0.03805785
  1174.75934492	    -0.04249945
  1175.25190649	    -0.04699305
  1175.74446806	    -0.05151396
  1176.23702963	    -0.05602812
  1176.72959120	    -0.06049207
  1177.22215276	    -0.06485362
  1177.71471434	    -0.06905381
  1178.20727591	    -0.07303016
  1178.69983748	    -0.07672126
  1179.19239905	    -0.08007223
  1179.68496062	    -0.08304060
  1180.17752219	    -0.08560141
  1180.67008376	    -0.08775108
  1181.16264533	    -0.08950875
  1181.65520690	    -0.09091532
  1182.14776847	    -0.09203009
  1182.64033004	    -0.09292589
  1183.13289161	    -0.09368332
  1183.62545319	    -0.09438543
  1184.11801475	    -0.09511313
  1184.61057632	    -0.09594198
  1185.10313789	    -0.09694020
  1185.59569947	    -0.09816807
  1186.08826103	    -0.09967809
  1186.58082260	    -0.10151592
  1187.07338417	    -0.10372158
  1187.56594574	    -0.10633086
  1188.05850732	    -0.10937667
  1188.55106888	    -0.11289033
  1189.04363045	    -0.11690266
  1189.53619202	    -0.12144494
  1190.02875360	    -0.12654954
  1190.52131517	    -0.13225048
  1191.01387673	    -0.13858367
  1191.50643830	    -0.14558692
  1191.99899988	    -0.15329968
  1192.49156145	    -0.16176246
  1192.98412301	    -0.17101576
  1193.47668458	    -0.18109859
  1193.96924616	    -0.19204629
  1194.46180773	    -0.20388754
  1194.95436930	    -0.21664050
  1195.44693086	    -0.23030777
  1195.93949244	    -0.24487016
  1196.43205401	    -0.26027908
  1196.92461558	    -0.27644764
  1197.41717714	    -0.29324082
  1197.90973872	    -0.31046509
  1198.40230029	    -0.32785860
  1198.89486186	    -0.34508325
  1199.38742343	    -0.36172052
  1199.87998499	    -0.37727315
  1200.37254657	    -0.39117478
  1200.86510814	    -0.40280876
  1201.35766971	    -0.41153649
  1201.85023127	    -0.41673386
  1202.34279285	    -0.41783260
  1202.83535442	    -0.41436256
  1203.32791599	    -0.40599064
  1203.82047756	    -0.39255335
  1204.31303913	    -0.37408138
  1204.80560070	    -0.35081578
  1205.29816227	    -0.32321532
  1205.79072384	    -0.29195307
  1206.28328542	    -0.25789877
  1206.77584698	    -0.22208277
  1207.26840855	    -0.18563937
  1207.76097012	    -0.14973156
  1208.25353169	    -0.11546487
  1208.74609326	    -0.08380238
  1209.23865483	    -0.05549498
  1209.73121640	    -0.03103792
  1210.22377797	    -0.01065959
  1210.71633955	     0.00565887
  1211.20890111	     0.01814024
  1211.70146268	     0.02715469
  1212.19402425	     0.03316084
  1212.68658583	     0.03665255
  1213.17914739	     0.03811691
  1213.67170896	     0.03800475
  1214.16427053	     0.03671344
  1214.65683211	     0.03457929
  1215.14939368	     0.03187736
  1215.64195524	     0.02882568
  1216.13451681	     0.02559205
  1216.62707839	     0.02230185
  1217.11963996	     0.01904570
  1217.61220152	     0.01588654
  1218.10476309	     0.01286584
  1218.59732467	     0.01000868
  1219.08988624	     0.00732798
  1219.58244781	     0.00482778
  1220.07500937	     0.00250591
  1220.56757094	     0.00035584
  1221.06013252	    -0.00163175
  1221.55269409	    -0.00346787
  1222.04525566	    -0.00516451
  1222.53781722	    -0.00673395
  1223.03037880	    -0.00818851
  1223.52294037	    -0.00954015
  1224.01550194	    -0.01080045
  1224.50806350	    -0.01198037
  1225.00062508	    -0.01309033
  1225.49318665	    -0.01414011
  1225.98574822	    -0.01513896
  1226.47830979	    -0.01609554
  1226.97087136	    -0.01701802
  1227.46343293	    -0.01791412
  1227.95599450	    -0.01879116
  1228.44855607	    -0.01965611
  1228.94111764	    -0.02051564
  1229.43367921	    -0.02137619
  1229.92624078	    -0.02224397
  1230.41880235	    -0.02312503
  1230.91136392	    -0.02402530
  1231.40392549	    -0.02495054
  1231.89648706	    -0.02590641
  1232.38904863	    -0.02689842
  1232.88161020	    -0.02793185
  1233.37417177	    -0.02901172
  1233.86673334	    -0.03014267
  1234.35929491	    -0.03132874
  1234.85185648	    -0.03257317
  1235.34441806	    -0.03387811
  1235.83697962	    -0.03524422
  1236.32954119	    -0.03667018
  1236.82210276	    -0.03815215
  1237.31466434	    -0.03968318
  1237.80722591	    -0.04125253
  1238.29978747	    -0.04284508
  1238.79234904	    -0.04444092
  1239.28491062	    -0.04601511
  1239.77747219	    -0.04753803
  1240.27003375	    -0.04897616
  1240.76259532	    -0.05029377
  1241.25515689	    -0.05145513
  1241.74771847	    -0.05242751
  1242.24028004	    -0.05318435
  1242.73284160	    -0.05370842
  1243.22540317	    -0.05399427
  1243.71796475	    -0.05404970
  1244.21052632	    -0.05389595
  1244.70308788	    -0.05356659
  1245.19564945	    -0.05310563
  1245.68821103	    -0.05256485
  1246.18077260	    -0.05200129
  1246.67333417	    -0.05147486
  1247.16589573	    -0.05104642
  1247.65845731	    -0.05077640
  1248.15101888	    -0.05072377
  1248.64358045	    -0.05094542
  1249.13614201	    -0.05149572
  1249.62870359	    -0.05242642
  1250.12126516	    -0.05378678
  1250.61382673	    -0.05562398
  1251.10638830	    -0.05798370
  1251.59894986	    -0.06091059
  1252.09151144	    -0.06444857
  1252.58407301	    -0.06864030
  1253.07663458	    -0.07352592
  1253.56919615	    -0.07914077
  1254.06175772	    -0.08551230
  1254.55431929	    -0.09265659
  1255.04688086	    -0.10057468
  1255.53944243	    -0.10924904
  1256.03200400	    -0.11864033
  1256.52456557	    -0.12868413
  1257.01712714	    -0.13928756
  1257.50968871	    -0.15032528
  1258.00225029	    -0.16163506
  1258.49481185	    -0.17301291
  1258.98737342	    -0.18420883
  1259.47993499	    -0.19492438
  1259.97249657	    -0.20481374
  1260.46505813	    -0.21349030
  1260.95761970	    -0.22054023
  1261.45018127	    -0.22554410
  1261.94274284	    -0.22810594
  1262.43530442	    -0.22788743
  1262.92786598	    -0.22464319
  1263.42042755	    -0.21825224
  1263.91298912	    -0.20874033
  1264.40555070	    -0.19628986
  1264.89811227	    -0.18123632
  1265.39067383	    -0.16405270
  1265.88323540	    -0.14532555
  1266.37579698	    -0.12572653
  1266.86835855	    -0.10598265
  1267.36092011	    -0.08684668
  1267.85348168	    -0.06906731
  1268.34604326	    -0.05335788
  1268.83860483	    -0.04036235
  1269.33116640	    -0.03061884
  1269.82372796	    -0.02452266
  1270.31628954	    -0.02229316
  1270.80885111	    -0.02394980
  1271.30141268	    -0.02930217
  1271.79397424	    -0.03795738
  1272.28653581	    -0.04934515
  1272.77909739	    -0.06275823
  1273.27165896	    -0.07740407
  1273.76422053	    -0.09246215
  1274.25678209	    -0.10714158
  1274.74934367	    -0.12073400
  1275.24190524	    -0.13265688
  1275.73446681	    -0.14248334
  1276.22702837	    -0.14995608
  1276.71958995	    -0.15498442
  1277.21215152	    -0.15762638
  1277.70471309	    -0.15805942
  1278.19727466	    -0.15654526
  1278.68983623	    -0.15339392
  1279.18239780	    -0.14893147
  1279.67495937	    -0.14347455
  1280.16752094	    -0.13731237
  1280.66008252	    -0.13069624
  1281.15264408	    -0.12383524
  1281.64520565	    -0.11689631
  1282.13776722	    -0.11000754
  1282.63032879	    -0.10326290
  1283.12289036	    -0.09672766
  1283.61545193	    -0.09044381
  1284.10801350	    -0.08443486
  1284.60057507	    -0.07871026
  1285.09313665	    -0.07326880
  1285.58569821	    -0.06810159
  1286.07825978	    -0.06319425
  1286.57082135	    -0.05852870
  1287.06338293	    -0.05408443
  1287.55594449	    -0.04983946
  1288.04850606	    -0.04577106
  1288.54106763	    -0.04185622
  1289.03362921	    -0.03807198
  1289.52619078	    -0.03439568
  1290.01875234	    -0.03080508
  1290.51131391	    -0.02727854
  1291.00387549	    -0.02379509
  1291.49643706	    -0.02033455
  1291.98899862	    -0.01687774
  1292.48156019	    -0.01340669
  1292.97412176	    -0.00990502
  1293.46668334	    -0.00635834
  1293.95924491	    -0.00275495
  1294.45180647	     0.00091337
  1294.94436804	     0.00465036
  1295.43692962	     0.00845403
  1295.92949119	     0.01231523
  1296.42205276	     0.01621608
  1296.91461432	     0.02012843
  1297.40717590	     0.02401254
  1297.89973747	     0.02781607
  1298.39229904	     0.03147424
  1298.88486060	     0.03491088
  1299.37742218	     0.03804138
  1299.86998375	     0.04077721
  1300.36254532	     0.04303226
  1300.85510689	     0.04473030
  1301.34766846	     0.04581266
  1301.84023003	     0.04624509
  1302.33279160	     0.04602231
  1302.82535317	     0.04516972
  1303.31791473	     0.04374160
  1303.81047631	     0.04181652
  1304.30303788	     0.03949055
  1304.79559945	     0.03686965
  1305.28816102	     0.03406221
  1305.78072259	     0.03117245
  1306.27328416	     0.02829523
  1306.76584573	     0.02551198
  1307.25840730	     0.02288779
  1307.75096887	     0.02046931
  1308.24353044	     0.01828327
  1308.73609201	     0.01633543
  1309.22865358	     0.01461023
  1309.72121516	     0.01307104
  1310.21377672	     0.01166120
  1310.70633829	     0.01030589
  1311.19889986	     0.00891510
  1311.69146144	     0.00738754
  1312.18402301	     0.00561562
  1312.67658457	     0.00349148
  1313.16914614	     0.00091341
  1313.66170771	    -0.00220750
  1314.15426929	    -0.00594170
  1314.64683085	    -0.01033690
  1315.13939242	    -0.01541628
  1315.63195399	    -0.02117922
  1316.12451557	    -0.02760423
  1316.61707714	    -0.03465363
  1317.10963870	    -0.04227886
  1317.60220027	    -0.05042535
  1318.09476185	    -0.05903658
  1318.58732342	    -0.06805625
  1319.07988498	    -0.07742926
  1319.57244655	    -0.08710107
  1320.06500813	    -0.09701631
  1320.55756970	    -0.10711697
  1321.05013127	    -0.11734093
  1321.54269283	    -0.12762145
  1322.03525441	    -0.13788810
  1322.52781598	    -0.14806956
  1323.02037755	    -0.15809824
  1323.51293911	    -0.16791626
  1324.00550069	    -0.17748199
  1324.49806226	    -0.18677549
  1324.99062383	    -0.19580171
  1325.48318540	    -0.20458963
  1325.97574696	    -0.21318696
  1326.46830854	    -0.22164994
  1326.96087011	    -0.23002924
  1327.45343168	    -0.23835315
  1327.94599325	    -0.24660989
  1328.43855482	    -0.25473137
  1328.93111639	    -0.26258058
  1329.42367796	    -0.26994569
  1329.91623953	    -0.27654308
  1330.40880110	    -0.28203198
  1330.90136267	    -0.28604080
  1331.39392424	    -0.28820387
  1331.88648581	    -0.28820374
  1332.37904739	    -0.28581264
  1332.87160895	    -0.28092557
  1333.36417052	    -0.27357883
  1333.85673209	    -0.26395146
  1334.34929366	    -0.25234996
  1334.84185523	    -0.23918047
  1335.33441680	    -0.22491408
  1335.82697837	    -0.21005043
  1336.31953994	    -0.19508394
  1336.81210152	    -0.18047514
  1337.30466308	    -0.16662807
  1337.79722465	    -0.15387434
  1338.28978622	    -0.14246359
  1338.78234780	    -0.13256071
  1339.27490936	    -0.12424919
  1339.76747093	    -0.11754018
  1340.26003250	    -0.11238571
  1340.75259408	    -0.10869449
  1341.24515565	    -0.10634802
  1341.73771721	    -0.10521547
  1342.23027878	    -0.10516596
  1342.72284036	    -0.10607756
  1343.21540193	    -0.10784310
  1343.70796350	    -0.11037313
  1344.20052506	    -0.11359659
  1344.69308664	    -0.11745982
  1345.18564821	    -0.12192454
  1345.67820978	    -0.12696508
  1346.17077134	    -0.13256537
  1346.66333291	    -0.13871550
  1347.15589449	    -0.14540826
  1347.64845606	    -0.15263546
  1348.14101763	    -0.16038395
  1348.63357919	    -0.16863150
  1349.12614077	    -0.17734228
  1349.61870234	    -0.18646204
  1350.11126391	    -0.19591307
  1350.60382547	    -0.20558874
  1351.09638705	    -0.21534818
  1351.58894862	    -0.22501092
  1352.08151019	    -0.23435235
  1352.57407176	    -0.24310062
  1353.06663333	    -0.25093620
  1353.55919490	    -0.25749589
  1354.05175647	    -0.26238288
  1354.54431804	    -0.26518444
  1355.03687961	    -0.26549770
  1355.52944118	    -0.26296219
  1356.02200275	    -0.25729593
  1356.51456432	    -0.24832986
  1357.00712589	    -0.23603460
  1357.49968746	    -0.22053412
  1357.99224903	    -0.20210370
  1358.48481060	    -0.18115245
  1358.97737217	    -0.15819424
  1359.46993375	    -0.13381301
  1359.96249531	    -0.10862872
  1360.45505688	    -0.08326857
  1360.94761845	    -0.05834572
  1361.44018003	    -0.03444495
  1361.93274159	    -0.01211258
  1362.42530316	     0.00815275
  1362.91786473	     0.02591131
  1363.41042631	     0.04079658
  1363.90298788	     0.05253155
  1364.39554944	     0.06094389
  1364.88811101	     0.06597612
  1365.38067259	     0.06768706
  1365.87323416	     0.06624279
  1366.36579572	     0.06189776
  1366.85835729	     0.05496874
  1367.35091886	     0.04580585
  1367.84348044	     0.03476471
  1368.33604201	     0.02218343
  1368.82860357	     0.00836590
  1369.32116514	    -0.00642784
  1369.81372672	    -0.02198489
  1370.30628829	    -0.03813761
  1370.79884985	    -0.05475814
  1371.29141142	    -0.07175035
  1371.78397300	    -0.08904038
  1372.27653457	    -0.10656655
  1372.76909614	    -0.12426893
  1373.26165770	    -0.14207930
  1373.75421928	    -0.15991154
  1374.24678085	    -0.17765331
  1374.73934242	    -0.19515959
  1375.23190399	    -0.21224912
  1375.72446556	    -0.22870504
  1376.21702713	    -0.24428055
  1376.70958870	    -0.25871070
  1377.20215027	    -0.27172993
  1377.69471183	    -0.28309413
  1378.18727341	    -0.29260480
  1378.67983498	    -0.30013115
  1379.17239655	    -0.30562646
  1379.66495812	    -0.30913502
  1380.15751969	    -0.31078809
  1380.65008126	    -0.31078945
  1381.14264283	    -0.30939311
  1381.63520440	    -0.30687716
  1382.12776597	    -0.30351784
  1382.62032754	    -0.29956735
  1383.11288911	    -0.29523769
  1383.60545068	    -0.29069138
  1384.09801226	    -0.28603913
  1384.59057382	    -0.28134381
  1385.08313539	    -0.27662915
  1385.57569696	    -0.27189203
  1386.06825854	    -0.26711626
  1386.56082010	    -0.26228603
  1387.05338167	    -0.25739714
  1387.54594324	    -0.25246453
  1388.03850481	    -0.24752519
  1388.53106639	    -0.24263656
  1389.02362795	    -0.23787111
  1389.51618952	    -0.23330859
  1390.00875109	    -0.22902727
  1390.50131267	    -0.22509543
  1390.99387424	    -0.22156415
  1391.48643580	    -0.21846155
  1391.97899737	    -0.21578883
  1392.47155895	    -0.21351792
  1392.96412052	    -0.21159084
  1393.45668208	    -0.20992070
  1393.94924365	    -0.20839484
  1394.44180523	    -0.20688016
  1394.93436680	    -0.20523095
  1395.42692837	    -0.20329901
  1395.91948993	    -0.20094546
  1396.41205151	    -0.19805293
  1396.90461308	    -0.19453643
  1397.39717465	    -0.19035118
  1397.88973621	    -0.18549605
  1398.38229778	    -0.18001184
  1398.87485936	    -0.17397509
  1399.36742093	    -0.16748850
  1399.85998250	    -0.16066989
  1400.35254406	    -0.15364144
  1400.84510564	    -0.14652055
  1401.33766721	    -0.13941309
  1401.83022878	    -0.13240936
  1402.32279034	    -0.12558229
  1402.81535192	    -0.11898751
  1403.30791349	    -0.11266470
  1403.80047506	    -0.10663960
  1404.29303663	    -0.10092632
  1404.78559820	    -0.09552972
  1405.27815977	    -0.09044755
  1405.77072134	    -0.08567227
  1406.26328291	    -0.08119266
  1406.75584449	    -0.07699504
  1407.24840605	    -0.07306428
  1407.74096762	    -0.06938450
  1408.23352919	    -0.06593969
  1408.72609076	    -0.06271404
  1409.21865233	    -0.05969223
  1409.71121390	    -0.05685963
  1410.20377547	    -0.05420238
  1410.69633704	    -0.05170750
  1411.18889862	    -0.04936281
  1411.68146018	    -0.04715703
  1412.17402175	    -0.04507968
  1412.66658332	    -0.04312107
  1413.15914490	    -0.04127230
  1413.65170646	    -0.03952509
  1414.14426803	    -0.03787187
  1414.63682960	    -0.03630566
  1415.12939118	    -0.03482000
  1415.62195275	    -0.03340896
  1416.11451431	    -0.03206709
  1416.60707588	    -0.03078931
  1417.09963746	    -0.02957099
  1417.59219903	    -0.02840780
  1418.08476060	    -0.02729574
  1418.57732216	    -0.02623110
  1419.06988373	    -0.02521044
  1419.56244531	    -0.02423054
  1420.05500688	    -0.02328841
  1420.54756844	    -0.02238124
  1421.04013001	    -0.02150638
  1421.53269159	    -0.02066137
  1422.02525316	    -0.01984386
  1422.51781473	    -0.01905163
  1423.01037629	    -0.01828258
  1423.50293787	    -0.01753471
  1423.99549944	    -0.01680612
  1424.48806101	    -0.01609499
  1424.98062257	    -0.01539957
  1425.47318415	    -0.01471823
  1425.96574572	    -0.01404937
  1426.45830729	    -0.01339156
  1426.95086886	    -0.01274341
  1427.44343043	    -0.01210368
  1427.93599200	    -0.01147130
  1428.42855357	    -0.01084537
  1428.92111514	    -0.01022525
  1429.41367670	    -0.00961059
  1429.90623828	    -0.00900139
  1430.39879985	    -0.00839808
  1430.89136142	    -0.00780158
  1431.38392299	    -0.00721333
  1431.87648456	    -0.00663537
  1432.36904613	    -0.00607020
  1432.86160770	    -0.00552081
  1433.35416927	    -0.00499049
  1433.84673085	    -0.00448255
  1434.33929241	    -0.00400009
  1434.83185398	    -0.00354562
  1435.32441555	    -0.00312077
  1435.81697713	    -0.00272611
  1436.30953869	    -0.00236093
  1436.80210026	    -0.00202332
  1437.29466183	    -0.00171030
  1437.78722341	    -0.00141809
  1438.27978498	    -0.00114239
  1438.77234654	    -0.00087872
  1439.26490811	    -0.00062274
  1439.75746968	    -0.00037035
  1440.25003126	    -0.00011793
  1440.74259282	     0.00013765
  1441.23515439	     0.00039901
  1441.72771596	     0.00066828
  1442.22027754	     0.00094719
  1442.71283911	     0.00123711
  1443.20540067	     0.00153914
  1443.69796224	     0.00185416
  1444.19052382	     0.00218292
  1444.68308539	     0.00252603
  1445.17564695	     0.00288408
  1445.66820852	     0.00325760
  1446.16077010	     0.00364712
  1446.65333167	     0.00405314
  1447.14589324	     0.00447620
  1447.63845480	     0.00491682
  1448.13101638	     0.00537549
  1448.62357795	     0.00585267
  1449.11613952	     0.00634873
  1449.60870109	     0.00686390
  1450.10126266	     0.00739822
  1450.59382423	     0.00795142
  1451.08638580	     0.00852283
  1451.57894737	     0.00911126
  1452.07150893	     0.00971483
  1452.56407051	     0.01033079
  1453.05663208	     0.01095538
  1453.54919365	     0.01158365
  1454.04175522	     0.01220938
  1454.53431679	     0.01282497
  1455.02687836	     0.01342158
  1455.51943993	     0.01398933
  1456.01200150	     0.01451772
  1456.50456307	     0.01499620
  1456.99712464	     0.01541496
  1457.48968621	     0.01576569
  1457.98224778	     0.01604234
  1458.47480936	     0.01624174
  1458.96737092	     0.01636402
  1459.45993249	     0.01641256
  1459.95249406	     0.01639401
  1460.44505563	     0.01631784
  1460.93761720	     0.01619619
  1461.43017877	     0.01604358
  1461.92274034	     0.01587712
  1462.41530191	     0.01571687
  1462.90786349	     0.01558660
  1463.40042505	     0.01551485
  1463.89298662	     0.01553621
  1464.38554819	     0.01569265
  1464.87810977	     0.01603483
  1465.37067134	     0.01662304
  1465.86323290	     0.01752775
  1466.35579447	     0.01882938
  1466.84835605	     0.02061725
  1467.34091762	     0.02298779
  1467.83347918	     0.02604215
  1468.32604075	     0.02988366
  1468.81860233	     0.03461575
  1469.31116390	     0.04034077
  1469.80372547	     0.04715995
  1470.29628703	     0.05517438
  1470.78884861	     0.06448622
  1471.28141018	     0.07519886
  1471.77397175	     0.08741456
  1472.26653331	     0.10122772
  1472.75909488	     0.11671246
  1473.25165646	     0.13390357
  1473.74421803	     0.15277114
  1474.23677960	     0.17319076
  1474.72934116	     0.19491341
  1475.22190274	     0.21754096
  1475.71446431	     0.24051526
  1476.20702588	     0.26312777
  1476.69958744	     0.28455520
  1477.19214902	     0.30392054
  1477.68471059	     0.32037350
  1478.17727216	     0.33317745
  1478.66983373	     0.34178749
  1479.16239530	     0.34590487
  1479.65495687	     0.34549847
  1480.14751844	     0.34079182
  1480.64008001	     0.33222148
  1481.13264159	     0.32037763
  1481.62520315	     0.30593871
  1482.11776472	     0.28961045
  1482.61032629	     0.27207548
  1483.10288786	     0.25395632
  1483.59544943	     0.23579138
  1484.08801100	     0.21802225
  1484.58057257	     0.20098972
  1485.07313414	     0.18493654
  1485.56569572	     0.17001530
  1486.05825728	     0.15629984
  1486.55081885	     0.14379915
  1487.04338042	     0.13247229
  1487.53594200	     0.12224341
  1488.02850356	     0.11301534
  1488.52106513	     0.10468123
  1489.01362670	     0.09713368
  1489.50618828	     0.09027111
  1489.99874985	     0.08400166
  1490.49131141	     0.07824508
  1490.98387298	     0.07293301
  1491.47643456	     0.06800814
  1491.96899613	     0.06342294
  1492.46155769	     0.05913798
  1492.95411926	     0.05512038
  1493.44668083	     0.05134243
  1493.93924241	     0.04778040
  1494.43180398	     0.04441364
  1494.92436554	     0.04122393
  1495.41692711	     0.03819487
  1495.90948869	     0.03531165
  1496.40205026	     0.03256059
  1496.89461183	     0.02992913
  1497.38717339	     0.02740556
  1497.87973497	     0.02497895
  1498.37229654	     0.02263903
  1498.86485811	     0.02037613
  1499.35741967	     0.01818108
  1499.84998125	     0.01604518
  1500.34254282	     0.01396007
  1500.83510439	     0.01191781
  1501.32766596	     0.00991062
  1501.82022753	     0.00793105
  1502.31278910	     0.00597174
  1502.80535067	     0.00402547
  1503.29791224	     0.00208510
  1503.79047380	     0.00014350
  1504.28303538	    -0.00180652
  1504.77559695	    -0.00377220
  1505.26815852	    -0.00576095
  1505.76072009	    -0.00778036
  1506.25328166	    -0.00983826
  1506.74584323	    -0.01194283
  1507.23840480	    -0.01410258
  1507.73096637	    -0.01632649
  1508.22352794	    -0.01862399
  1508.71608951	    -0.02100518
  1509.20865108	    -0.02348073
  1509.70121265	    -0.02606211
  1510.19377423	    -0.02876158
  1510.68633579	    -0.03159236
  1511.17889736	    -0.03456862
  1511.67145893	    -0.03770574
  1512.16402051	    -0.04102021
  1512.65658208	    -0.04452992
  1513.14914364	    -0.04825409
  1513.64170521	    -0.05221346
  1514.13426678	    -0.05643030
  1514.62682836	    -0.06092844
  1515.11938992	    -0.06573324
  1515.61195149	    -0.07087153
  1516.10451306	    -0.07637142
  1516.59707464	    -0.08226192
  1517.08963621	    -0.08857258
  1517.58219777	    -0.09533266
  1518.07475934	    -0.10257012
  1518.56732092	    -0.11031029
  1519.05988249	    -0.11857395
  1519.55244405	    -0.12737490
  1520.04500562	    -0.13671680
  1520.53756720	    -0.14658951
  1521.03012877	    -0.15696437
  1521.52269034	    -0.16778904
  1522.01525190	    -0.17898191
  1522.50781348	    -0.19042648
  1523.00037505	    -0.20196657
  1523.49293662	    -0.21340324
  1523.98549818	    -0.22449480
  1524.47805975	    -0.23496129
  1524.97062133	    -0.24449449
  1525.46318290	    -0.25277412
  1525.95574447	    -0.25948970
  1526.44830603	    -0.26436620
  1526.94086761	    -0.26718998
  1527.43342918	    -0.26783107
  1527.92599075	    -0.26625755
  1528.41855232	    -0.26253912
  1528.91111389	    -0.25683931
  1529.40367546	    -0.24939765
  1529.89623703	    -0.24050556
  1530.38879860	    -0.23047998
  1530.88136017	    -0.21963892
  1531.37392174	    -0.20828151
  1531.86648331	    -0.19667416
  1532.35904488	    -0.18504271
  1532.85160646	    -0.17356984
  1533.34416802	    -0.16239628
  1533.83672959	    -0.15162480
  1534.32929116	    -0.14132527
  1534.82185273	    -0.13154045
  1535.31441430	    -0.12229146
  1535.80697587	    -0.11358269
  1536.29953744	    -0.10540622
  1536.79209901	    -0.09774524
  1537.28466059	    -0.09057700
  1537.77722215	    -0.08387492
  1538.26978372	    -0.07761034
  1538.76234529	    -0.07175377
  1539.25490687	    -0.06627574
  1539.74746843	    -0.06114745
  1540.24003000	    -0.05634124
  1540.73259157	    -0.05183071
  1541.22515315	    -0.04759106
  1541.71771472	    -0.04359898
  1542.21027628	    -0.03983273
  1542.70283785	    -0.03627211
  1543.19539943	    -0.03289833
  1543.68796100	    -0.02969403
  1544.18052257	    -0.02664308
  1544.67308413	    -0.02373054
  1545.16564570	    -0.02094253
  1545.65820728	    -0.01826619
  1546.15076885	    -0.01568952
  1546.64333041	    -0.01320132
  1547.13589198	    -0.01079111
  1547.62845356	    -0.00844904
  1548.12101513	    -0.00616579
  1548.61357670	    -0.00393259
  1549.10613826	    -0.00174101
  1549.59869984	     0.00041697
  1550.09126141	     0.00254910
  1550.58382298	     0.00466289
  1551.07638454	     0.00676567
  1551.56894612	     0.00886462
  1552.06150769	     0.01096689
  1552.55406926	     0.01307953
  1553.04663083	     0.01520969
  1553.53919240	     0.01736453
  1554.03175397	     0.01955139
  1554.52431554	     0.02177772
  1555.01687711	     0.02405127
  1555.50943867	     0.02638003
  1556.00200025	     0.02877235
  1556.49456182	     0.03123696
  1556.98712339	     0.03378311
  1557.47968496	     0.03642055
  1557.97224653	     0.03915966
  1558.46480810	     0.04201153
  1558.95736967	     0.04498800
  1559.44993124	     0.04810180
  1559.94249282	     0.05136665
  1560.43505438	     0.05479736
  1560.92761595	     0.05840992
  1561.42017752	     0.06222166
  1561.91273910	     0.06625137
  1562.40530066	     0.07051947
  1562.89786223	     0.07504806
  1563.39042380	     0.07986119
  1563.88298538	     0.08498494
  1564.37554695	     0.09044757
  1564.86810851	     0.09627964
  1565.36067008	     0.10251415
  1565.85323165	     0.10918650
  1566.34579323	     0.11633463
  1566.83835479	     0.12399881
  1567.33091636	     0.13222145
  1567.82347793	     0.14104672
  1568.31603951	     0.15051986
  1568.80860108	     0.16068623
  1569.30116264	     0.17158993
  1569.79372421	     0.18327187
  1570.28628579	     0.19576713
  1570.77884736	     0.20910161
  1571.27140893	     0.22328752
  1571.76397049	     0.23831801
  1572.25653207	     0.25416042
  1572.74909364	     0.27074865
  1573.24165521	     0.28797451
  1573.73421677	     0.30567908
  1574.22677835	     0.32364444
  1574.71933992	     0.34158773
  1575.21190149	     0.35915911
  1575.70446306	     0.37594566
  1576.19702463	     0.39148352
  1576.68958620	     0.40527928
  1577.18214777	     0.41684073
  1577.67470934	     0.42571489
  1578.16727090	     0.43152881
  1578.65983248	     0.43402718
  1579.15239405	     0.43310005
  1579.64495562	     0.42879521
  1580.13751719	     0.42131281
  1580.63007876	     0.41098322
  1581.12264033	     0.39823260
  1581.61520190	     0.38354256
  1582.10776347	     0.36741042
  1582.60032504	     0.35031517
  1583.09288661	     0.33269217
  1583.58544818	     0.31491755
  1584.07800975	     0.29730113
  1584.57057133	     0.28008639
  1585.06313289	     0.26345514
  1585.55569446	     0.24753498
  1586.04825603	     0.23240801
  1586.54081760	     0.21811946
  1587.03337918	     0.20468588
  1587.52594074	     0.19210224
  1588.01850231	     0.18034776
  1588.51106388	     0.16939085
  1589.00362546	     0.15919288
  1589.49618702	     0.14971105
  1589.98874859	     0.14090064
  1590.48131016	     0.13271654
  1590.97387174	     0.12511442
  1591.46643331	     0.11805145
  1591.95899487	     0.11148684
  1592.45155644	     0.10538210
  1592.94411802	     0.09970120
  1593.43667959	     0.09441063
  1593.92924115	     0.08947927
  1594.42180272	     0.08487845
  1594.91436430	     0.08058171
  1595.40692587	     0.07656475
  1595.89948744	     0.07280522
  1596.39204900	     0.06928267
  1596.88461058	     0.06597828
  1597.37717215	     0.06287490
  1597.86973372	     0.05995671
  1598.36229528	     0.05720934
  1598.85485685	     0.05461958
  1599.34741843	     0.05217538
  1599.83998000	     0.04986579
  1600.33254157	     0.04768084
  1600.82510313	     0.04561155
  1601.31766471	     0.04364986
  1601.81022628	     0.04178862
  1602.30278785	     0.04002155
  1602.79534942	     0.03834329
  1603.28791099	     0.03674929
  1603.78047256	     0.03523587
  1604.27303413	     0.03380005
  1604.76559570	     0.03243954
  1605.25815727	     0.03115253
  1605.75071884	     0.02993753
  1606.24328041	     0.02879312
  1606.73584198	     0.02771773
  1607.22840355	     0.02670940
  1607.72096512	     0.02576568
  1608.21352669	     0.02488350
  1608.70608826	     0.02405920
  1609.19864983	     0.02328863
  1609.69121140	     0.02256736
  1610.18377297	     0.02189083
  1610.67633454	     0.02125454
  1611.16889611	     0.02065424
  1611.66145769	     0.02008605
  1612.15401925	     0.01954648
  1612.64658082	     0.01903253
  1613.13914239	     0.01854160
  1613.63170397	     0.01807150
  1614.12426553	     0.01762041
  1614.61682710	     0.01718681
  1615.10938867	     0.01676945
  1615.60195025	     0.01636726
  1616.09451182	     0.01597938
  1616.58707338	     0.01560508
  1617.07963495	     0.01524370
  1617.57219653	     0.01489471
  1618.06475810	     0.01455764
  1618.55731967	     0.01423206
  1619.04988123	     0.01391759
  1619.54244280	     0.01361391
  1620.03500438	     0.01332069
  1620.52756595	     0.01303766
  1621.02012751	     0.01276456
  1621.51268908	     0.01250115
  1622.00525066	     0.01224721
  1622.49781223	     0.01200256
  1622.99037380	     0.01176702
  1623.48293536	     0.01154041
  1623.97549694	     0.01132262
  1624.46805851	     0.01111354
  1624.96062008	     0.01091304
  1625.45318164	     0.01072106
  1625.94574322	     0.01053755
  1626.43830479	     0.01036248
  1626.93086636	     0.01019583
  1627.42342793	     0.01003761
  1627.91598950	     0.00988788
  1628.40855107	     0.00974666
  1628.90111264	     0.00961405
  1629.39367421	     0.00949015
  1629.88623577	     0.00937504
  1630.37879735	     0.00926885
  1630.87135892	     0.00917169
  1631.36392049	     0.00908364
  1631.85648206	     0.00900480
  1632.34904363	     0.00893516
  1632.84160520	     0.00887467
  1633.33416677	     0.00882316
  1633.82672834	     0.00878028
  1634.31928992	     0.00874553
  1634.81185148	     0.00871812
  1635.30441305	     0.00869698
  1635.79697462	     0.00868066
  1636.28953620	     0.00866733
  1636.78209776	     0.00865476
  1637.27465933	     0.00864036
  1637.76722090	     0.00862119
  1638.25978248	     0.00859418
  1638.75234405	     0.00855623
  1639.24490561	     0.00850455
  1639.73746718	     0.00843677
  1640.23002875	     0.00835129
  1640.72259033	     0.00824737
  1641.21515189	     0.00812526
  1641.70771346	     0.00798612
  1642.20027503	     0.00783189
  1642.69283661	     0.00766511
  1643.18539818	     0.00748864
  1643.67795974	     0.00730546
  1644.17052131	     0.00711839
  1644.66308289	     0.00693005
  1645.15564446	     0.00674263
  1645.64820602	     0.00655798
  1646.14076759	     0.00637750
  1646.63332917	     0.00620227
  1647.12589074	     0.00603298
  1647.61845231	     0.00587011
  1648.11101387	     0.00571387
  1648.60357545	     0.00556432
  1649.09613702	     0.00542140
  1649.58869859	     0.00528493
  1650.08126016	     0.00515468
  1650.57382172	     0.00503038
  1651.06638330	     0.00491174
  1651.55894487	     0.00479845
  1652.05150644	     0.00469019
  1652.54406800	     0.00458668
  1653.03662958	     0.00448761
  1653.52919115	     0.00439273
  1654.02175272	     0.00430175
  1654.51431429	     0.00421443
  1655.00687586	     0.00413055
  1655.49943743	     0.00404989
  1655.99199900	     0.00397225
  1656.48456057	     0.00389744
  1656.97712214	     0.00382530
  1657.46968371	     0.00375567
  1657.96224528	     0.00368840
  1658.45480685	     0.00362336
  1658.94736843	     0.00356042
  1659.43992999	     0.00349946
  1659.93249156	     0.00344039
  1660.42505313	     0.00338310
  1660.91761470	     0.00332749
  1661.41017627	     0.00327351
  1661.90273784	     0.00322104
  1662.39529941	     0.00317003
  1662.88786098	     0.00312040
  1663.38042256	     0.00307208
  1663.87298412	     0.00302505
  1664.36554569	     0.00297920
  1664.85810726	     0.00293453
  1665.35066884	     0.00289095
  1665.84323041	     0.00284844
  1666.33579197	     0.00280695
  1666.82835354	     0.00276643
  1667.32091512	     0.00272685
  1667.81347669	     0.00268820
  1668.30603825	     0.00265040
  1668.79859982	     0.00261344
  1669.29116140	     0.00257729
  1669.78372297	     0.00254194
  1670.27628454	     0.00250733
  1670.76884610	     0.00247346
  1671.26140767	     0.00244029
  1671.75396925	     0.00240781
  1672.24653082	     0.00237597
  1672.73909238	     0.00234480
  1673.23165395	     0.00231424
  1673.72421553	     0.00228427
  1674.21677710	     0.00225490
  1674.70933867	     0.00222609
  1675.20190023	     0.00219782
  1675.69446181	     0.00217010
  1676.18702338	     0.00214290
  1676.67958495	     0.00211620
  1677.17214651	     0.00208998
  1677.66470809	     0.00206426
  1678.15726966	     0.00203899
  1678.64983123	     0.00201417
  1679.14239280	     0.00198981
  1679.63495437	     0.00196586
  1680.12751594	     0.00194233
  1680.62007751	     0.00191922
  1681.11263908	     0.00189650
  1681.60520065	     0.00187418
  1682.09776222	     0.00185223
  1682.59032379	     0.00183064
  1683.08288536	     0.00180941
  1683.57544693	     0.00178855
  1684.06800850	     0.00176803
  1684.56057007	     0.00174784
  1685.05313164	     0.00172797
  1685.54569321	     0.00170843
  1686.03825479	     0.00168921
  1686.53081635	     0.00167029
  1687.02337792	     0.00165167
  1687.51593949	     0.00163335
  1688.00850107	     0.00161530
  1688.50106263	     0.00159754
  1688.99362420	     0.00158006
  1689.48618577	     0.00156284
  1689.97874735	     0.00154589
  1690.47130892	     0.00152920
  1690.96387048	     0.00151275
  1691.45643205	     0.00149656
  1691.94899362	     0.00148061
  1692.44155520	     0.00146489
  1692.93411676	     0.00144941
  1693.42667833	     0.00143415
  1693.91923990	     0.00141911
  1694.41180148	     0.00140430
  1694.90436305	     0.00138970
  1695.39692461	     0.00137531
  1695.88948618	     0.00136113
  1696.38204776	     0.00134715
  1696.87460933	     0.00133336
  1697.36717090	     0.00131978
  1697.85973246	     0.00130638
  1698.35229404	     0.00129317
  1698.84485561	     0.00128014
  1699.33741718	     0.00126730
  1699.82997874	     0.00125463
  1700.32254032	     0.00124214
  1700.81510189	     0.00122981
  1701.30766346	     0.00121766
  1701.80022503	     0.00120567
  1702.29278659	     0.00119383
  1702.78534817	     0.00118216
  1703.27790974	     0.00117065
  1703.77047131	     0.00115928
  1704.26303287	     0.00114807
  1704.75559445	     0.00113701
  1705.24815602	     0.00112609
  1705.74071759	     0.00111532
  1706.23327916	     0.00110468
  1706.72584073	     0.00109419
  1707.21840230	     0.00108383
  1707.71096387	     0.00107360
  1708.20352544	     0.00106350
  1708.69608701	     0.00105353
  1709.18864858	     0.00104369
  1709.68121015	     0.00103397
  1710.17377172	     0.00102437
  1710.66633330	     0.00101490
  1711.15889486	     0.00100554
  1711.65145643	     0.00099630
  1712.14401800	     0.00098718
  1712.63657957	     0.00097816
  1713.12914115	     0.00096927
  1713.62170271	     0.00096047
  1714.11426428	     0.00095180
  1714.60682585	     0.00094321
  1715.09938743	     0.00093474
  1715.59194899	     0.00092636
  1716.08451056	     0.00091810
  1716.57707213	     0.00090993
  1717.06963371	     0.00090185
  1717.56219528	     0.00089387
  1718.05475684	     0.00088599
  1718.54731841	     0.00087820
  1719.03987999	     0.00087050
  1719.53244156	     0.00086289
  1720.02500312	     0.00085537
  1720.51756469	     0.00084794
  1721.01012627	     0.00084059
  1721.50268784	     0.00083333
  1721.99524941	     0.00082615
  1722.48781097	     0.00081906
  1722.98037255	     0.00081204
  1723.47293412	     0.00080511
  1723.96549569	     0.00079825
