   950.11876485	    -0.00178559
   950.61882735	    -0.00036306
   951.11888986	     0.00091939
   951.61895237	     0.00208676
   952.11901488	     0.00316271
   952.61907738	     0.00416866
   953.11913989	     0.00512334
   953.61920240	     0.00604268
   954.11926491	     0.00693992
   954.61932742	     0.00782588
   955.11938992	     0.00870929
   955.61945243	     0.00959719
   956.11951494	     0.01049533
   956.61957745	     0.01140845
   957.11963996	     0.01234064
   957.61970246	     0.01329552
   958.11976497	     0.01427646
   958.61982748	     0.01528670
   959.11988999	     0.01632941
   959.61995249	     0.01740775
   960.12001500	     0.01852485
   960.62007751	     0.01968382
   961.12014002	     0.02088768
   961.62020252	     0.02213939
   962.12026503	     0.02344176
   962.62032754	     0.02479751
   963.12039005	     0.02620923
   963.62045256	     0.02767940
   964.12051506	     0.02921039
   964.62057757	     0.03080445
   965.12064008	     0.03246372
   965.62070259	     0.03419016
   966.12076510	     0.03598554
   966.62082760	     0.03785143
   967.12089011	     0.03978917
   967.62095262	     0.04179985
   968.12101513	     0.04388440
   968.62107764	     0.04604362
   969.12114014	     0.04827837
   969.62120265	     0.05058982
   970.12126516	     0.05297986
   970.62132767	     0.05545177
   971.12139017	     0.05801106
   971.62145268	     0.06066645
   972.12151519	     0.06343093
   972.62157770	     0.06632248
   973.12164020	     0.06936423
   973.62170271	     0.07258365
   974.12176522	     0.07601051
   974.62182773	     0.07967376
   975.12189024	     0.08359760
   975.62195274	     0.08779749
   976.12201525	     0.09227699
   976.62207776	     0.09702625
   977.12214027	     0.10202268
   977.62220278	     0.10723393
   978.12226528	     0.11262252
   978.62232779	     0.11815140
   979.12239030	     0.12378923
   979.62245281	     0.12951436
   980.12251531	     0.13531689
   980.62257782	     0.14119839
   981.12264033	     0.14716966
   981.62270284	     0.15324703
   982.12276535	     0.15944781
   982.62282785	     0.16578578
   983.12289036	     0.17226701
   983.62295287	     0.17888635
   984.12301538	     0.18562481
   984.62307789	     0.19244768
   985.12314039	     0.19930362
   985.62320290	     0.20612470
   986.12326541	     0.21282751
   986.62332792	     0.21931563
   987.12339042	     0.22548333
   987.62345293	     0.23122072
   988.12351544	     0.23641989
   988.62357795	     0.24098180
   989.12364045	     0.24482316
   989.62370296	     0.24788284
   990.12376547	     0.25012687
   990.62382798	     0.25155167
   991.12389049	     0.25218490
   991.62395299	     0.25208360
   992.12401550	     0.25132974
   992.62407801	     0.25002340
   993.12414052	     0.24827453
   993.62420303	     0.24619436
   994.12426553	     0.24388766
   994.62432804	     0.24144692
   995.12439055	     0.23894885
   995.62445306	     0.23645344
   996.12451556	     0.23400492
   996.62457807	     0.23163405
   997.12464058	     0.22936096
   997.62470309	     0.22719781
   998.12476560	     0.22515120
   998.62482810	     0.22322410
   999.12489061	     0.22141777
   999.62495312	     0.21973369
  1000.12501563	     0.21817583
  1000.62507813	     0.21675309
  1001.12514064	     0.21548178
  1001.62520315	     0.21438752
  1002.12526566	     0.21350641
  1002.62532817	     0.21288503
  1003.12539067	     0.21257927
  1003.62545318	     0.21265235
  1004.12551569	     0.21317223
  1004.62557820	     0.21420905
  1005.12564071	     0.21583294
  1005.62570321	     0.21811241
  1006.12576572	     0.22111351
  1006.62582823	     0.22489956
  1007.12589074	     0.22953141
  1007.62595324	     0.23506791
  1008.12601575	     0.24156650
  1008.62607826	     0.24908358
  1009.12614077	     0.25767457
  1009.62620328	     0.26739356
  1010.12626578	     0.27829229
  1010.62632829	     0.29041843
  1011.12639080	     0.30381310
  1011.62645331	     0.31850733
  1012.12651581	     0.33451755
  1012.62657832	     0.35183984
  1013.12664083	     0.37044286
  1013.62670334	     0.39025939
  1014.12676585	     0.41117655
  1014.62682835	     0.43302476
  1015.12689086	     0.45556623
  1015.62695337	     0.47848370
  1016.12701588	     0.50137123
  1016.62707838	     0.52372918
  1017.12714089	     0.54496608
  1017.62720340	     0.56441029
  1018.12726591	     0.58133388
  1018.62732842	     0.59498955
  1019.12739092	     0.60465940
  1019.62745343	     0.60971126
  1020.12751594	     0.60965563
  1020.62757845	     0.60419467
  1021.12764096	     0.59325470
  1021.62770346	     0.57699640
  1022.12776597	     0.55580081
  1022.62782848	     0.53023430
  1023.12789099	     0.50099911
  1023.62795349	     0.46887832
  1024.12801600	     0.43468284
  1024.62807851	     0.39920630
  1025.12814102	     0.36318993
  1025.62820353	     0.32729741
  1026.12826603	     0.29209774
  1026.62832854	     0.25805417
  1027.12839105	     0.22551813
  1027.62845356	     0.19472775
  1028.12851606	     0.16581168
  1028.62857857	     0.13879830
  1029.12864108	     0.11363025
  1029.62870359	     0.09018275
  1030.12876610	     0.06828353
  1030.62882860	     0.04773221
  1031.12889111	     0.02831686
  1031.62895362	     0.00982653
  1032.12901613	    -0.00794061
  1032.62907863	    -0.02517332
  1033.12914114	    -0.04204637
  1033.62920365	    -0.05872147
  1034.12926616	    -0.07534872
  1034.62932867	    -0.09206741
  1035.12939117	    -0.10900531
  1035.62945368	    -0.12627626
  1036.12951619	    -0.14397576
  1036.62957870	    -0.16217515
  1037.12964121	    -0.18091457
  1037.62970371	    -0.20019542
  1038.12976622	    -0.21997291
  1038.62982873	    -0.24014923
  1039.12989124	    -0.26056823
  1039.62995374	    -0.28101219
  1040.13001625	    -0.30120144
  1040.63007876	    -0.32079745
  1041.13014127	    -0.33940961
  1041.63020378	    -0.35660603
  1042.13026628	    -0.37192841
  1042.63032879	    -0.38491102
  1043.13039130	    -0.39510334
  1043.63045381	    -0.40209573
  1044.13051631	    -0.40554630
  1044.63057882	    -0.40520619
  1045.13064133	    -0.40093944
  1045.63070384	    -0.39273385
  1046.13076635	    -0.38069959
  1046.63082885	    -0.36505463
  1047.13089136	    -0.34609860
  1047.63095387	    -0.32417883
  1048.13101638	    -0.29965407
  1048.63107888	    -0.27286124
  1049.13114139	    -0.24408986
  1049.63120390	    -0.21356659
  1050.13126641	    -0.18145084
  1050.63132892	    -0.14783996
  1051.13139142	    -0.11278192
  1051.63145393	    -0.07629219
  1052.13151644	    -0.03837172
  1052.63157895	     0.00097690
  1053.13164146	     0.04173693
  1053.63170396	     0.08386958
  1054.13176647	     0.12731046
  1054.63182898	     0.17196941
  1055.13189149	     0.21773207
  1055.63195399	     0.26446199
  1056.13201650	     0.31200181
  1056.63207901	     0.36017339
  1057.13214152	     0.40877666
  1057.63220403	     0.45758777
  1058.13226653	     0.50635696
  1058.63232904	     0.55480643
  1059.13239155	     0.60262760
  1059.63245406	     0.64947704
  1060.13251656	     0.69497022
  1060.63257907	     0.73867274
  1061.13264158	     0.78009016
  1061.63270409	     0.81865896
  1062.13276660	     0.85374248
  1062.63282910	     0.88463568
  1063.13289161	     0.91058238
  1063.63295412	     0.93080616
  1064.13301663	     0.94455380
  1064.63307913	     0.95114762
  1065.13314164	     0.95004085
  1065.63320415	     0.94086955
  1066.13326666	     0.92349529
  1066.63332917	     0.89803385
  1067.13339167	     0.86486736
  1067.63345418	     0.82463872
  1068.13351669	     0.77822876
  1068.63357920	     0.72671773
  1069.13364171	     0.67133431
  1069.63370421	     0.61339631
  1070.13376672	     0.55424801
  1070.63382923	     0.49519888
  1071.13389174	     0.43746788
  1071.63395424	     0.38213585
  1072.13401675	     0.33010821
  1072.63407926	     0.28208891
  1073.13414177	     0.23856654
  1073.63420428	     0.19981311
  1074.13426678	     0.16589529
  1074.63432929	     0.13669699
  1075.13439180	     0.11195112
  1075.63445431	     0.09127734
  1076.13451681	     0.07422194
  1076.63457932	     0.06029618
  1077.13464183	     0.04900975
  1077.63470434	     0.03989720
  1078.13476685	     0.03253642
  1078.63482935	     0.02655919
  1079.13489186	     0.02165504
  1079.63495437	     0.01756972
  1080.13501688	     0.01410016
  1080.63507938	     0.01108738
  1081.13514189	     0.00840879
  1081.63520440	     0.00597075
  1082.13526691	     0.00370217
  1082.63532942	     0.00154917
  1083.13539192	    -0.00052899
  1083.63545443	    -0.00256317
  1084.13551694	    -0.00457706
  1084.63557945	    -0.00658955
  1085.13564196	    -0.00861696
  1085.63570446	    -0.01067512
  1086.13576697	    -0.01278109
  1086.63582948	    -0.01495441
  1087.13589199	    -0.01721774
  1087.63595449	    -0.01959692
  1088.13601700	    -0.02212051
  1088.63607951	    -0.02481904
  1089.13614202	    -0.02772426
  1089.63620453	    -0.03086845
  1090.13626703	    -0.03428390
  1090.63632954	    -0.03800270
  1091.13639205	    -0.04205670
  1091.63645456	    -0.04647756
  1092.13651706	    -0.05129691
  1092.63657957	    -0.05654642
  1093.13664208	    -0.06225777
  1093.63670459	    -0.06846236
  1094.13676710	    -0.07519080
  1094.63682960	    -0.08247195
  1095.13689211	    -0.09033145
  1095.63695462	    -0.09878969
  1096.13701713	    -0.10785894
  1096.63707963	    -0.11753970
  1097.13714214	    -0.12781583
  1097.63720465	    -0.13864865
  1098.13726716	    -0.14996979
  1098.63732967	    -0.16167289
  1099.13739217	    -0.17360452
  1099.63745468	    -0.18555489
  1100.13751719	    -0.19724951
  1100.63757970	    -0.20834316
  1101.13764221	    -0.21841838
  1101.63770471	    -0.22699086
  1102.13776722	    -0.23352382
  1102.63782973	    -0.23745346
  1103.13789224	    -0.23822543
  1103.63795474	    -0.23534083
  1104.13801725	    -0.22840739
  1104.63807976	    -0.21718937
  1105.13814227	    -0.20164862
  1105.63820478	    -0.18196936
  1106.13826728	    -0.15856183
  1106.63832979	    -0.13204286
  1107.13839230	    -0.10319555
  1107.63845481	    -0.07291306
  1108.13851731	    -0.04213347
  1108.63857982	    -0.01177317
  1109.13864233	     0.01733421
  1109.63870484	     0.04448747
  1110.13876735	     0.06915194
  1110.63882985	     0.09097571
  1111.13889236	     0.10978809
  1111.63895487	     0.12558276
  1112.13901738	     0.13848951
  1112.63907988	     0.14873959
  1113.13914239	     0.15662934
  1113.63920490	     0.16248601
  1114.13926741	     0.16663850
  1114.63932992	     0.16939460
  1115.13939242	     0.17102541
  1115.63945493	     0.17175692
  1116.13951744	     0.17176848
  1116.63957995	     0.17119698
  1117.13964246	     0.17014555
  1117.63970496	     0.16869479
  1118.13976747	     0.16691468
  1118.63982998	     0.16487489
  1119.13989249	     0.16265217
  1119.63995499	     0.16033368
  1120.14001750	     0.15801620
  1120.64008001	     0.15580185
  1121.14014252	     0.15379137
  1121.64020503	     0.15207618
  1122.14026753	     0.15073060
  1122.64033004	     0.14980513
  1123.14039255	     0.14932182
  1123.64045506	     0.14927236
  1124.14051756	     0.14961935
  1124.64058007	     0.15030089
  1125.14064258	     0.15123801
  1125.64070509	     0.15234417
  1126.14076760	     0.15353520
  1126.64083010	     0.15473836
  1127.14089261	     0.15589889
  1127.64095512	     0.15698322
  1128.14101763	     0.15797868
  1128.64108014	     0.15888998
  1129.14114264	     0.15973350
  1129.64120515	     0.16053043
  1130.14126766	     0.16129987
  1130.64133017	     0.16205293
  1131.14139267	     0.16278841
  1131.64145518	     0.16349083
  1132.14151769	     0.16413097
  1132.64158020	     0.16466900
  1133.14164271	     0.16506002
  1133.64170521	     0.16526117
  1134.14176772	     0.16523939
  1134.64183023	     0.16497847
  1135.14189274	     0.16448410
  1135.64195524	     0.16378590
  1136.14201775	     0.16293610
  1136.64208026	     0.16200496
  1137.14214277	     0.16107382
  1137.64220528	     0.16022692
  1138.14226778	     0.15954291
  1138.64233029	     0.15908709
  1139.14239280	     0.15890458
  1139.64245531	     0.15901481
  1140.14251781	     0.15940707
  1140.64258032	     0.16003711
  1141.14264283	     0.16082497
  1141.64270534	     0.16165406
  1142.14276785	     0.16237228
  1142.64283035	     0.16279589
  1143.14289286	     0.16271681
  1143.64295537	     0.16191410
  1144.14301788	     0.16016948
  1144.64308039	     0.15728612
  1145.14314289	     0.15310870
  1145.64320540	     0.14754225
  1146.14326791	     0.14056645
  1146.64333042	     0.13224285
  1147.14339292	     0.12271356
  1147.64345543	     0.11219129
  1148.14351794	     0.10094231
  1148.64358045	     0.08926516
  1149.14364296	     0.07746792
  1149.64370546	     0.06584722
  1150.14376797	     0.05467100
  1150.64383048	     0.04416680
  1151.14389299	     0.03451582
  1151.64395549	     0.02585251
  1152.14401800	     0.01826833
  1152.64408051	     0.01181802
  1153.14414302	     0.00652621
  1153.64420553	     0.00239281
  1154.14426803	    -0.00060408
  1154.64433054	    -0.00250781
  1155.14439305	    -0.00338493
  1155.64445556	    -0.00332766
  1156.14451806	    -0.00245570
  1156.64458057	    -0.00091605
  1157.14464308	     0.00111993
  1157.64470559	     0.00346248
  1158.14476810	     0.00591195
  1158.64483060	     0.00826907
  1159.14489311	     0.01034614
  1159.64495562	     0.01197774
  1160.14501813	     0.01303012
  1160.64508064	     0.01340812
  1161.14514314	     0.01305880
  1161.64520565	     0.01197126
  1162.14526816	     0.01017302
  1162.64533067	     0.00772323
  1163.14539317	     0.00470420
  1163.64545568	     0.00121216
  1164.14551819	    -0.00265149
  1164.64558070	    -0.00678773
  1165.14564321	    -0.01110592
  1165.64570571	    -0.01552836
  1166.14576822	    -0.01999357
  1166.64583073	    -0.02445864
  1167.14589324	    -0.02890084
  1167.64595574	    -0.03331840
  1168.14601825	    -0.03773052
  1168.64608076	    -0.04217612
  1169.14614327	    -0.04671126
  1169.64620578	    -0.05140494
  1170.14626828	    -0.05633340
  1170.64633079	    -0.06157319
  1171.14639330	    -0.06719363
  1171.64645581	    -0.07324945
  1172.14651831	    -0.07977479
  1172.64658082	    -0.08677952
  1173.14664333	    -0.09424887
  1173.64670584	    -0.10214664
  1174.14676835	    -0.11042173
  1174.64683085	    -0.11901702
  1175.14689336	    -0.12787892
  1175.64695587	    -0.13696615
  1176.14701838	    -0.14625626
  1176.64708089	    -0.15574894
  1177.14714339	    -0.16546620
  1177.64720590	    -0.17544969
  1178.14726841	    -0.18575610
  1178.64733092	    -0.19645148
  1179.14739342	    -0.20760540
  1179.64745593	    -0.21928543
  1180.14751844	    -0.23155222
  1180.64758095	    -0.24445524
  1181.14764346	    -0.25802914
  1181.64770596	    -0.27229060
  1182.14776847	    -0.28723560
  1182.64783098	    -0.30283727
  1183.14789349	    -0.31904467
  1183.64795599	    -0.33578285
  1184.14801850	    -0.35295494
  1184.64808101	    -0.37044684
  1185.14814352	    -0.38813475
  1185.64820603	    -0.40589554
  1186.14826853	    -0.42361897
  1186.64833104	    -0.44122003
  1187.14839355	    -0.45864931
  1187.64845606	    -0.47589881
  1188.14851856	    -0.49300144
  1188.64858107	    -0.51002341
  1189.14864358	    -0.52704987
  1189.64870609	    -0.54416587
  1190.14876860	    -0.56143534
  1190.64883110	    -0.57888126
  1191.14889361	    -0.59647004
  1191.64895612	    -0.61410291
  1192.14901863	    -0.63161612
  1192.64908114	    -0.64879130
  1193.14914364	    -0.66537590
  1193.64920615	    -0.68111229
  1194.14926866	    -0.69577232
  1194.64933117	    -0.70919261
  1195.14939367	    -0.72130461
  1195.64945618	    -0.73215420
  1196.14951869	    -0.74190676
  1196.64958120	    -0.75083677
  1197.14964371	    -0.75930365
  1197.64970621	    -0.76771793
  1198.14976872	    -0.77650284
  1198.64983123	    -0.78605583
  1199.14989374	    -0.79671365
  1199.64995624	    -0.80872309
  1200.15001875	    -0.82221816
  1200.65008126	    -0.83720425
  1201.15014377	    -0.85354916
  1201.65020628	    -0.87098192
  1202.15026878	    -0.88909999
  1202.65033129	    -0.90738686
  1203.15039380	    -0.92524103
  1203.65045631	    -0.94201717
  1204.15051881	    -0.95707785
  1204.65058132	    -0.96985187
  1205.15064383	    -0.97989221
  1205.65070634	    -0.98692529
  1206.15076885	    -0.99088320
  1206.65083135	    -0.99191323
  1207.15089386	    -0.99036342
  1207.65095637	    -0.98674702
  1208.15101888	    -0.98169263
  1208.65108139	    -0.97588767
  1209.15114389	    -0.97002238
  1209.65120640	    -0.96473930
  1210.15126891	    -0.96059106
  1210.65133142	    -0.95800737
  1211.15139392	    -0.95727100
  1211.65145643	    -0.95850227
  1212.15151894	    -0.96165107
  1212.65158145	    -0.96649602
  1213.15164396	    -0.97265004
  1213.65170646	    -0.97957236
  1214.15176897	    -0.98658719
  1214.65183148	    -0.99290945
  1215.15189399	    -0.99767851
  1215.65195649	    -1.00000000
  1216.15201900	    -0.99899529
  1216.65208151	    -0.99385611
  1217.15214402	    -0.98389997
  1217.65220653	    -0.96861969
  1218.15226903	    -0.94772001
  1218.65233154	    -0.92113524
  1219.15239405	    -0.88902514
  1219.65245656	    -0.85175060
  1220.15251906	    -0.80983441
  1220.65258157	    -0.76391447
  1221.15264408	    -0.71469659
  1221.65270659	    -0.66291227
  1222.15276910	    -0.60928450
  1222.65283160	    -0.55450269
  1223.15289411	    -0.49920674
  1223.65295662	    -0.44397952
  1224.15301913	    -0.38934647
  1224.65308164	    -0.33577998
  1225.15314414	    -0.28370523
  1225.65320665	    -0.23350411
  1226.15326916	    -0.18551435
  1226.65333167	    -0.14002308
  1227.15339417	    -0.09725623
  1227.65345668	    -0.05736707
  1228.15351919	    -0.02042780
  1228.65358170	     0.01357290
  1229.15364421	     0.04472493
  1229.65370671	     0.07318554
  1230.15376922	     0.09916390
  1230.65383173	     0.12290439
  1231.15389424	     0.14467080
  1231.65395674	     0.16473269
  1232.15401925	     0.18335400
  1232.65408176	     0.20078334
  1233.15414427	     0.21724530
  1233.65420678	     0.23293230
  1234.15426928	     0.24799747
  1234.65433179	     0.26254891
  1235.15439430	     0.27664649
  1235.65445681	     0.29030182
  1236.15451931	     0.30348185
  1236.65458182	     0.31611632
  1237.15464433	     0.32810888
  1237.65470684	     0.33935137
  1238.15476935	     0.34974062
  1238.65483185	     0.35919624
  1239.15489436	     0.36767752
  1239.65495687	     0.37519710
  1240.15501938	     0.38182857
  1240.65508189	     0.38770637
  1241.15514439	     0.39301715
  1241.65520690	     0.39798367
  1242.15526941	     0.40284339
  1242.65533192	     0.40782519
  1243.15539442	     0.41312714
  1243.65545693	     0.41889805
  1244.15551944	     0.42522430
  1244.65558195	     0.43212284
  1245.15564446	     0.43954014
  1245.65570696	     0.44735702
  1246.15576947	     0.45539861
  1246.65583198	     0.46344917
  1247.15589449	     0.47127098
  1247.65595699	     0.47862616
  1248.15601950	     0.48529965
  1248.65608201	     0.49112106
  1249.15614452	     0.49598253
  1249.65620703	     0.49985040
  1250.15626953	     0.50276925
  1250.65633204	     0.50485837
  1251.15639455	     0.50630184
  1251.65645706	     0.50733409
  1252.15651956	     0.50822307
  1252.65658207	     0.50925255
  1253.15664458	     0.51070467
  1253.65670709	     0.51284371
  1254.15676960	     0.51590132
  1254.65683210	     0.52006381
  1255.15689461	     0.52546149
  1255.65695712	     0.53216044
  1256.15701963	     0.54015653
  1256.65708214	     0.54937215
  1257.15714464	     0.55965573
  1257.65720715	     0.57078475
  1258.15726966	     0.58247240
  1258.65733217	     0.59437816
  1259.15739467	     0.60612184
  1259.65745718	     0.61729959
  1260.15751969	     0.62750026
  1260.65758220	     0.63632000
  1261.15764471	     0.64337384
  1261.65770721	     0.64830419
  1262.15776972	     0.65078787
  1262.65783223	     0.65054393
  1263.15789474	     0.64734459
  1263.65795724	     0.64102987
  1264.15801975	     0.63152447
  1264.65808226	     0.61885331
  1265.15814477	     0.60315145
  1265.65820728	     0.58466489
  1266.15826978	     0.56374082
  1266.65833229	     0.54080861
  1267.15839480	     0.51635460
  1267.65845731	     0.49089479
  1268.15851981	     0.46494918
  1268.65858232	     0.43902004
  1269.15864483	     0.41357536
  1269.65870734	     0.38903695
  1270.15876985	     0.36577258
  1270.65883235	     0.34409086
  1271.15889486	     0.32423805
  1271.65895737	     0.30639608
  1272.15901988	     0.29068162
  1272.65908239	     0.27714563
  1273.15914489	     0.26577348
  1273.65920740	     0.25648514
  1274.15926991	     0.24913557
  1274.65933242	     0.24351520
  1275.15939492	     0.23935162
  1275.65945743	     0.23631314
  1276.15951994	     0.23401592
  1276.65958245	     0.23203535
  1277.15964496	     0.22992186
  1277.65970746	     0.22722023
  1278.15976997	     0.22349058
  1278.65983248	     0.21832877
  1279.15989499	     0.21138455
  1279.65995749	     0.20237610
  1280.16002000	     0.19110062
  1280.66008251	     0.17744053
  1281.16014502	     0.16136474
  1281.66020753	     0.14292438
  1282.16027003	     0.12224229
  1282.66033254	     0.09949672
  1283.16039505	     0.07490080
  1283.66045756	     0.04868049
  1284.16052007	     0.02105469
  1284.66058257	    -0.00777972
  1285.16064508	    -0.03765549
  1285.66070759	    -0.06843466
  1286.16077010	    -0.10000046
  1286.66083260	    -0.13224282
  1287.16089511	    -0.16503923
  1287.66095762	    -0.19823344
  1288.16102013	    -0.23161506
  1288.66108264	    -0.26490392
  1289.16114514	    -0.29774332
  1289.66120765	    -0.32970618
  1290.16127016	    -0.36031611
  1290.66133267	    -0.38908244
  1291.16139517	    -0.41554428
  1291.66145768	    -0.43931489
  1292.16152019	    -0.46011632
  1292.66158270	    -0.47779569
  1293.16164521	    -0.49231922
  1293.66170771	    -0.50374634
  1294.16177022	    -0.51219207
  1294.66183273	    -0.51778832
  1295.16189524	    -0.52065437
  1295.66195774	    -0.52088268
  1296.16202025	    -0.51854154
  1296.66208276	    -0.51369111
  1297.16214527	    -0.50640680
  1297.66220778	    -0.49680273
  1298.16227028	    -0.48504923
  1298.66233279	    -0.47138017
  1299.16239530	    -0.45608899
  1299.66245781	    -0.43951489
  1300.16252032	    -0.42202256
  1300.66258282	    -0.40397959
  1301.16264533	    -0.38573551
  1301.66270784	    -0.36760516
  1302.16277035	    -0.34985766
  1302.66283285	    -0.33271098
  1303.16289536	    -0.31633132
  1303.66295787	    -0.30083587
  1304.16302038	    -0.28629766
  1304.66308289	    -0.27275138
  1305.16314539	    -0.26019915
  1305.66320790	    -0.24861603
  1306.16327041	    -0.23795482
  1306.66333292	    -0.22815036
  1307.16339542	    -0.21912353
  1307.66345793	    -0.21078513
  1308.16352044	    -0.20304003
  1308.66358295	    -0.19579165
  1309.16364546	    -0.18894673
  1309.66370796	    -0.18242015
  1310.16377047	    -0.17613934
  1310.66383298	    -0.17004767
  1311.16389549	    -0.16410643
  1311.66395799	    -0.15829492
  1312.16402050	    -0.15260895
  1312.66408301	    -0.14705781
  1313.16414552	    -0.14166048
  1313.66420803	    -0.13644160
  1314.16427053	    -0.13142778
  1314.66433304	    -0.12664478
  1315.16439555	    -0.12211553
  1315.66445806	    -0.11785923
  1316.16452057	    -0.11389127
  1316.66458307	    -0.11022375
  1317.16464558	    -0.10686661
  1317.66470809	    -0.10382882
  1318.16477060	    -0.10111977
  1318.66483310	    -0.09875034
  1319.16489561	    -0.09673368
  1319.66495812	    -0.09508535
  1320.16502063	    -0.09382271
  1320.66508314	    -0.09296354
  1321.16514564	    -0.09252396
  1321.66520815	    -0.09251592
  1322.16527066	    -0.09294465
  1322.66533317	    -0.09380656
  1323.16539567	    -0.09508778
  1323.66545818	    -0.09676374
  1324.16552069	    -0.09879959
  1324.66558320	    -0.10115168
  1325.16564571	    -0.10376971
  1325.66570821	    -0.10659964
  1326.16577072	    -0.10958725
  1326.66583323	    -0.11268207
  1327.16589574	    -0.11584162
  1327.66595824	    -0.11903553
  1328.16602075	    -0.12224895
  1328.66608326	    -0.12548507
  1329.16614577	    -0.12876611
  1329.66620828	    -0.13213272
  1330.16627078	    -0.13564181
  1330.66633329	    -0.13936309
  1331.16639580	    -0.14337458
  1331.66645831	    -0.14775751
  1332.16652082	    -0.15259102
  1332.66658332	    -0.15794672
  1333.16664583	    -0.16388360
  1333.66670834	    -0.17044333
  1334.16677085	    -0.17764641
  1334.66683335	    -0.18548944
  1335.16689586	    -0.19394392
  1335.66695837	    -0.20295672
  1336.16702088	    -0.21245242
  1336.66708339	    -0.22233722
  1337.16714589	    -0.23250411
  1337.66720840	    -0.24283864
  1338.16727091	    -0.25322454
  1338.66733342	    -0.26354849
  1339.16739592	    -0.27370344
  1339.66745843	    -0.28359012
  1340.16752094	    -0.29311680
  1340.66758345	    -0.30219775
  1341.16764596	    -0.31075110
  1341.66770846	    -0.31869679
  1342.16777097	    -0.32595541
  1342.66783348	    -0.33244780
  1343.16789599	    -0.33809545
  1343.66795849	    -0.34282095
  1344.16802100	    -0.34654804
  1344.66808351	    -0.34920102
  1345.16814602	    -0.35070389
  1345.66820853	    -0.35098007
  1346.16827103	    -0.34995403
  1346.66833354	    -0.34755558
  1347.16839605	    -0.34372722
  1347.66845856	    -0.33843335
  1348.16852107	    -0.33166958
  1348.66858357	    -0.32346931
  1349.16864608	    -0.31390573
  1349.66870859	    -0.30308817
  1350.16877110	    -0.29115369
  1350.66883360	    -0.27825617
  1351.16889611	    -0.26455575
  1351.66895862	    -0.25021117
  1352.16902113	    -0.23537595
  1352.66908364	    -0.22019787
  1353.16914614	    -0.20482002
  1353.66920865	    -0.18938126
  1354.16927116	    -0.17401480
  1354.66933367	    -0.15884448
  1355.16939617	    -0.14397994
  1355.66945868	    -0.12951207
  1356.16952119	    -0.11551045
  1356.66958370	    -0.10202330
  1357.16964621	    -0.08908036
  1357.66970871	    -0.07669752
  1358.16977122	    -0.06488243
  1358.66983373	    -0.05364002
  1359.16989624	    -0.04297705
  1359.66995874	    -0.03290560
  1360.17002125	    -0.02344520
  1360.67008376	    -0.01462366
  1361.17014627	    -0.00647678
  1361.67020878	     0.00095316
  1362.17027128	     0.00761979
  1362.67033379	     0.01347574
  1363.17039630	     0.01847583
  1363.67045881	     0.02258001
  1364.17052132	     0.02575535
  1364.67058382	     0.02797719
  1365.17064633	     0.02922924
  1365.67070884	     0.02950320
  1366.17077135	     0.02879824
  1366.67083385	     0.02712091
  1367.17089636	     0.02448562
  1367.67095887	     0.02091579
  1368.17102138	     0.01644552
  1368.67108389	     0.01112169
  1369.17114639	     0.00500640
  1369.67120890	    -0.00182030
  1370.17127141	    -0.00925761
  1370.67133392	    -0.01718114
  1371.17139642	    -0.02544066
  1371.67145893	    -0.03385855
  1372.17152144	    -0.04222972
  1372.67158395	    -0.05032305
  1373.17164646	    -0.05788491
  1373.67170896	    -0.06464482
  1374.17177147	    -0.07032359
  1374.67183398	    -0.07464403
  1375.17189649	    -0.07734426
  1375.67195899	    -0.07819300
  1376.17202150	    -0.07700602
  1376.67208401	    -0.07366215
  1377.17214652	    -0.06811662
  1377.67220903	    -0.06040979
  1378.17227153	    -0.05066927
  1378.67233404	    -0.03910484
  1379.17239655	    -0.02599618
  1379.67245906	    -0.01167530
  1380.17252157	     0.00349422
  1380.67258407	     0.01913846
  1381.17264658	     0.03489242
  1381.67270909	     0.05041585
  1382.17277160	     0.06540480
  1382.67283410	     0.07959937
  1383.17289661	     0.09278850
  1383.67295912	     0.10481320
  1384.17302163	     0.11556924
  1384.67308414	     0.12501000
  1385.17314664	     0.13314897
  1385.67320915	     0.14006131
  1386.17327166	     0.14588307
  1386.67333417	     0.15080712
  1387.17339667	     0.15507526
  1387.67345918	     0.15896669
  1388.17352169	     0.16278354
  1388.67358420	     0.16683471
  1389.17364671	     0.17141914
  1389.67370921	     0.17680986
  1390.17377172	     0.18323991
  1390.67383423	     0.19089098
  1391.17389674	     0.19988547
  1391.67395924	     0.21028206
  1392.17402175	     0.22207447
  1392.67408426	     0.23519258
  1393.17414677	     0.24950498
  1393.67420928	     0.26482197
  1394.17427178	     0.28089874
  1394.67433429	     0.29743877
  1395.17439680	     0.31409880
  1395.67445931	     0.33049652
  1396.17452182	     0.34622292
  1396.67458432	     0.36086019
  1397.17464683	     0.37400505
  1397.67470934	     0.38529583
  1398.17477185	     0.39443970
  1398.67483435	     0.40123545
  1399.17489686	     0.40558732
  1399.67495937	     0.40750673
  1400.17502188	     0.40710162
  1400.67508439	     0.40455561
  1401.17514689	     0.40010165
  1401.67520940	     0.39399544
  1402.17527191	     0.38649309
  1402.67533442	     0.37783589
  1403.17539692	     0.36824296
  1403.67545943	     0.35791070
  1404.17552194	     0.34701713
  1404.67558445	     0.33572835
  1405.17564696	     0.32420486
  1405.67570946	     0.31260587
  1406.17577197	     0.30109044
  1406.67583448	     0.28981532
  1407.17589699	     0.27893029
  1407.67595949	     0.26857210
  1408.17602200	     0.25885863
  1408.67608451	     0.24988463
  1409.17614702	     0.24171985
  1409.67620953	     0.23440975
  1410.17627203	     0.22797831
  1410.67633454	     0.22243215
  1411.17639705	     0.21776490
  1411.67645956	     0.21396110
  1412.17652207	     0.21099895
  1412.67658457	     0.20885179
  1413.17664708	     0.20748826
  1413.67670959	     0.20687151
  1414.17677210	     0.20695773
  1414.67683460	     0.20769458
  1415.17689711	     0.20902001
  1415.67695962	     0.21086210
  1416.17702213	     0.21314042
  1416.67708464	     0.21576945
  1417.17714714	     0.21866402
  1417.67720965	     0.22174655
  1418.17727216	     0.22495513
  1418.67733467	     0.22825115
  1419.17739717	     0.23162515
  1419.67745968	     0.23509950
  1420.17752219	     0.23872746
  1420.67758470	     0.24258873
  1421.17764721	     0.24678215
  1421.67770971	     0.25141694
  1422.17777222	     0.25660363
  1422.67783473	     0.26244554
  1423.17789724	     0.26903137
  1423.67795974	     0.27642891
  1424.17802225	     0.28467971
  1424.67808476	     0.29379419
  1425.17814727	     0.30374700
  1425.67820978	     0.31447241
  1426.17827228	     0.32585982
  1426.67833479	     0.33774981
  1427.17839730	     0.34993159
  1427.67845981	     0.36214267
  1428.17852232	     0.37407195
  1428.67858482	     0.38536714
  1429.17864733	     0.39564727
  1429.67870984	     0.40451994
  1430.17877235	     0.41160283
  1430.67883485	     0.41654754
  1431.17889736	     0.41906365
  1431.67895987	     0.41894019
  1432.17902238	     0.41606182
  1432.67908489	     0.41041748
  1433.17914739	     0.40209997
  1433.67920990	     0.39129642
  1434.17927241	     0.37827084
  1434.67933492	     0.36334143
  1435.17939742	     0.34685577
  1435.67945993	     0.32916710
  1436.17952244	     0.31061427
  1436.67958495	     0.29150658
  1437.17964746	     0.27211399
  1437.67970996	     0.25266233
  1438.17977247	     0.23333249
  1438.67983498	     0.21426273
  1439.17989749	     0.19555325
  1439.67996000	     0.17727205
  1440.18002250	     0.15946173
  1440.68008501	     0.14214663
  1441.18014752	     0.12533999
  1441.68021003	     0.10905094
  1442.18027253	     0.09329091
  1442.68033504	     0.07807935
  1443.18039755	     0.06344828
  1443.68046006	     0.04944533
  1444.18052257	     0.03613477
  1444.68058507	     0.02359605
  1445.18064758	     0.01191965
  1445.68071009	     0.00120001
  1446.18077260	    -0.00847373
  1446.68083510	    -0.01702835
  1447.18089761	    -0.02441702
  1447.68096012	    -0.03062762
  1448.18102263	    -0.03568753
  1448.68108514	    -0.03966380
  1449.18114764	    -0.04265856
  1449.68121015	    -0.04480067
  1450.18127266	    -0.04623501
  1450.68133517	    -0.04711130
  1451.18139767	    -0.04757384
  1451.68146018	    -0.04775325
  1452.18152269	    -0.04776069
  1452.68158520	    -0.04768449
  1453.18164771	    -0.04758885
  1453.68171021	    -0.04751422
  1454.18177272	    -0.04747896
  1454.68183523	    -0.04748208
  1455.18189774	    -0.04750679
  1455.68196025	    -0.04752477
  1456.18202275	    -0.04750115
  1456.68208526	    -0.04739968
  1457.18214777	    -0.04718793
  1457.68221028	    -0.04684182
  1458.18227278	    -0.04634888
  1458.68233529	    -0.04570994
  1459.18239780	    -0.04493887
  1459.68246031	    -0.04406062
  1460.18252282	    -0.04310799
  1460.68258532	    -0.04211755
  1461.18264783	    -0.04112559
  1461.68271034	    -0.04016429
  1462.18277285	    -0.03925863
  1462.68283535	    -0.03842406
  1463.18289786	    -0.03766493
  1463.68296037	    -0.03697367
  1464.18302288	    -0.03633070
  1464.68308539	    -0.03570511
  1465.18314789	    -0.03505604
  1465.68321040	    -0.03433510
  1466.18327291	    -0.03348970
  1466.68333542	    -0.03246717
  1467.18339792	    -0.03121945
  1467.68346043	    -0.02970776
  1468.18352294	    -0.02790648
  1468.68358545	    -0.02580573
  1469.18364796	    -0.02341197
  1469.68371046	    -0.02074671
  1470.18377297	    -0.01784346
  1470.68383548	    -0.01474371
  1471.18389799	    -0.01149263
  1471.68396050	    -0.00813519
  1472.18402300	    -0.00471332
  1472.68408551	    -0.00126425
  1473.18414802	     0.00218005
  1473.68421053	     0.00559235
  1474.18427303	     0.00894900
  1474.68433554	     0.01222850
  1475.18439805	     0.01540999
  1475.68446056	     0.01847202
  1476.18452307	     0.02139182
  1476.68458557	     0.02414527
  1477.18464808	     0.02670756
  1477.68471059	     0.02905465
  1478.18477310	     0.03116528
  1478.68483560	     0.03302330
  1479.18489811	     0.03461991
  1479.68496062	     0.03595540
  1480.18502313	     0.03704001
  1480.68508564	     0.03789379
  1481.18514814	     0.03854534
  1481.68521065	     0.03902983
  1482.18527316	     0.03938660
  1482.68533567	     0.03965676
  1483.18539817	     0.03988125
  1483.68546068	     0.04009952
  1484.18552319	     0.04034888
  1484.68558570	     0.04066463
  1485.18564821	     0.04108067
  1485.68571071	     0.04163050
  1486.18577322	     0.04234843
  1486.68583573	     0.04327079
  1487.18589824	     0.04443696
  1487.68596075	     0.04589009
  1488.18602325	     0.04767727
  1488.68608576	     0.04984904
  1489.18614827	     0.05245813
  1489.68621078	     0.05555735
  1490.18627328	     0.05919677
  1490.68633579	     0.06342046
  1491.18639830	     0.06826318
  1491.68646081	     0.07374770
  1492.18652332	     0.07988308
  1492.68658582	     0.08666459
  1493.18664833	     0.09407528
  1493.68671084	     0.10208897
  1494.18677335	     0.11067395
  1494.68683585	     0.11979623
  1495.18689836	     0.12942093
  1495.68696087	     0.13951041
  1496.18702338	     0.15001831
  1496.68708589	     0.16087921
  1497.18714839	     0.17199524
  1497.68721090	     0.18322200
  1498.18727341	     0.19435744
  1498.68733592	     0.20513765
  1499.18739842	     0.21524278
  1499.68746093	     0.22431426
  1500.18752344	     0.23198208
  1500.68758595	     0.23789779
  1501.18764846	     0.24176739
  1501.68771096	     0.24337804
  1502.18777347	     0.24261410
  1502.68783598	     0.23946073
  1503.18789849	     0.23399621
  1503.68796100	     0.22637609
  1504.18802350	     0.21681338
  1504.68808601	     0.20555831
  1505.18814852	     0.19288057
  1505.68821103	     0.17905522
  1506.18827353	     0.16435258
  1506.68833604	     0.14903156
  1507.18839855	     0.13333579
  1507.68846106	     0.11749173
  1508.18852357	     0.10170821
  1508.68858607	     0.08617707
  1509.18864858	     0.07107453
  1509.68871109	     0.05656270
  1510.18877360	     0.04279077
  1510.68883610	     0.02989519
  1511.18889861	     0.01799857
  1511.68896112	     0.00720702
  1512.18902363	    -0.00239355
  1512.68908614	    -0.01074181
  1513.18914864	    -0.01780527
  1513.68921115	    -0.02358336
  1514.18927366	    -0.02810892
  1514.68933617	    -0.03144721
  1515.18939867	    -0.03369245
  1515.68946118	    -0.03496198
  1516.18952369	    -0.03538882
  1516.68958620	    -0.03511341
  1517.18964871	    -0.03427570
  1517.68971121	    -0.03300839
  1518.18977372	    -0.03143185
  1518.68983623	    -0.02965093
  1519.18989874	    -0.02775364
  1519.68996125	    -0.02581118
  1520.19002375	    -0.02387909
  1520.69008626	    -0.02199906
  1521.19014877	    -0.02020095
  1521.69021128	    -0.01850495
  1522.19027378	    -0.01692351
  1522.69033629	    -0.01546315
  1523.19039880	    -0.01412591
  1523.69046131	    -0.01291058
  1524.19052382	    -0.01181370
  1524.69058632	    -0.01083029
  1525.19064883	    -0.00995447
  1525.69071134	    -0.00917984
  1526.19077385	    -0.00849984
  1526.69083635	    -0.00790798
  1527.19089886	    -0.00739792
  1527.69096137	    -0.00696367
  1528.19102388	    -0.00659958
  1528.69108639	    -0.00630041
  1529.19114889	    -0.00606134
  1529.69121140	    -0.00587797
  1530.19127391	    -0.00574631
  1530.69133642	    -0.00566279
  1531.19139892	    -0.00562427
  1531.69146143	    -0.00562802
  1532.19152394	    -0.00567172
  1532.69158645	    -0.00575353
  1533.19164896	    -0.00587213
  1533.69171146	    -0.00602676
  1534.19177397	    -0.00621734
  1534.69183648	    -0.00644464
  1535.19189899	    -0.00671047
  1535.69196150	    -0.00701795
  1536.19202400	    -0.00737188
  1536.69208651	    -0.00777919
  1537.19214902	    -0.00824954
  1537.69221153	    -0.00879605
  1538.19227403	    -0.00943617
  1538.69233654	    -0.01019273
  1539.19239905	    -0.01109509
  1539.69246156	    -0.01218039
  1540.19252407	    -0.01349468
  1540.69258657	    -0.01509386
  1541.19264908	    -0.01704411
  1541.69271159	    -0.01942133
  1542.19277410	    -0.02230931
  1542.69283660	    -0.02579612
  1543.19289911	    -0.02996824
  1543.69296162	    -0.03490252
  1544.19302413	    -0.04065610
  1544.69308664	    -0.04725510
  1545.19314914	    -0.05468336
  1545.69321165	    -0.06287286
  1546.19327416	    -0.07169751
  1546.69333667	    -0.08097176
  1547.19339917	    -0.09045509
  1547.69346168	    -0.09986252
  1548.19352419	    -0.10888087
  1548.69358670	    -0.11718961
  1549.19364921	    -0.12448453
  1549.69371171	    -0.13050170
  1550.19377422	    -0.13503879
  1550.69383673	    -0.13797074
  1551.19389924	    -0.13925741
  1551.69396175	    -0.13894199
  1552.19402425	    -0.13714101
  1552.69408676	    -0.13402768
  1553.19414927	    -0.12981192
  1553.69421178	    -0.12472018
  1554.19427428	    -0.11897759
  1554.69433679	    -0.11279424
  1555.19439930	    -0.10635604
  1555.69446181	    -0.09982000
  1556.19452432	    -0.09331297
  1556.69458682	    -0.08693302
  1557.19464933	    -0.08075236
  1557.69471184	    -0.07482107
  1558.19477435	    -0.06917104
  1558.69483685	    -0.06381966
  1559.19489936	    -0.05877321
  1559.69496187	    -0.05402967
  1560.19502438	    -0.04958106
  1560.69508689	    -0.04541533
  1561.19514939	    -0.04151778
  1561.69521190	    -0.03787219
  1562.19527441	    -0.03446159
  1562.69533692	    -0.03126890
  1563.19539942	    -0.02827733
  1563.69546193	    -0.02547062
  1564.19552444	    -0.02283328
  1564.69558695	    -0.02035063
  1565.19564946	    -0.01800891
  1565.69571196	    -0.01579523
  1566.19577447	    -0.01369759
  1566.69583698	    -0.01170482
  1567.19589949	    -0.00980657
  1567.69596200	    -0.00799322
  1568.19602450	    -0.00625582
  1568.69608701	    -0.00458606
  1569.19614952	    -0.00297620
  1569.69621203	    -0.00141900
  1570.19627453	     0.00009230
  1570.69633704	     0.00156408
  1571.19639955	     0.00300235
  1571.69646206	     0.00441282
  1572.19652457	     0.00580092
  1572.69658707	     0.00717187
  1573.19664958	     0.00853068
  1573.69671209	     0.00988223
  1574.19677460	     0.01123129
  1574.69683710	     0.01258254
  1575.19689961	     0.01394064
  1575.69696212	     0.01531020
  1576.19702463	     0.01669589
  1576.69708714	     0.01810243
  1577.19714964	     0.01953460
  1577.69721215	     0.02099734
  1578.19727466	     0.02249573
  1578.69733717	     0.02403506
  1579.19739967	     0.02562083
  1579.69746218	     0.02725883
  1580.19752469	     0.02895518
  1580.69758720	     0.03071633
  1581.19764971	     0.03254919
  1581.69771221	     0.03446109
  1582.19777472	     0.03645990
  1582.69783723	     0.03855410
  1583.19789974	     0.04075280
  1583.69796225	     0.04306583
  1584.19802475	     0.04550384
  1584.69808726	     0.04807837
  1585.19814977	     0.05080193
  1585.69821228	     0.05368811
  1586.19827478	     0.05675167
  1586.69833729	     0.06000868
  1587.19839980	     0.06347656
  1587.69846231	     0.06717426
  1588.19852482	     0.07112234
  1588.69858732	     0.07534301
  1589.19864983	     0.07986031
  1589.69871234	     0.08470005
  1590.19877485	     0.08988987
  1590.69883735	     0.09545919
  1591.19889986	     0.10143898
  1591.69896237	     0.10786157
  1592.19902488	     0.11476011
  1592.69908739	     0.12216795
  1593.19914989	     0.13011761
  1593.69921240	     0.13863944
  1594.19927491	     0.14775977
  1594.69933742	     0.15749850
  1595.19939993	     0.16786596
  1595.69946243	     0.17885906
  1596.19952494	     0.19045666
  1596.69958745	     0.20261410
  1597.19964996	     0.21525725
  1597.69971246	     0.22827641
  1598.19977497	     0.24152069
  1598.69983748	     0.25479381
  1599.19989999	     0.26785267
  1599.69996250	     0.28040992
  1600.20002500	     0.29214189
  1600.70008751	     0.30270265
  1601.20015002	     0.31174411
  1601.70021253	     0.31894065
  1602.20027503	     0.32401567
  1602.70033754	     0.32676632
  1603.20040005	     0.32708237
  1603.70046256	     0.32495625
  1604.20052507	     0.32048248
  1604.70058757	     0.31384716
  1605.20065008	     0.30530947
  1605.70071259	     0.29517851
  1606.20077510	     0.28378893
  1606.70083760	     0.27147832
  1607.20090011	     0.25856842
  1607.70096262	     0.24535121
  1608.20102513	     0.23208013
  1608.70108764	     0.21896585
  1609.20115014	     0.20617579
  1609.70121265	     0.19383633
  1610.20127516	     0.18203689
  1610.70133767	     0.17083492
  1611.20140018	     0.16026135
  1611.70146268	     0.15032590
  1612.20152519	     0.14102204
  1612.70158770	     0.13233144
  1613.20165021	     0.12422759
  1613.70171271	     0.11667882
  1614.20177522	     0.10965063
  1614.70183773	     0.10310733
  1615.20190024	     0.09701335
  1615.70196275	     0.09133396
  1616.20202525	     0.08603588
  1616.70208776	     0.08108754
  1617.20215027	     0.07645921
  1617.70221278	     0.07212310
  1618.20227528	     0.06805328
  1618.70233779	     0.06422562
  1619.20240030	     0.06061767
  1619.70246281	     0.05720856
  1620.20252532	     0.05397887
  1620.70258782	     0.05091049
  1621.20265033	     0.04798649
  1621.70271284	     0.04519101
  1622.20277535	     0.04250917
  1622.70283785	     0.03992696
  1623.20290036	     0.03743115
  1623.70296287	     0.03500926
  1624.20302538	     0.03264950
  1624.70308789	     0.03034078
  1625.20315039	     0.02807270
  1625.70321290	     0.02583564
  1626.20327541	     0.02362082
  1626.70333792	     0.02142048
  1627.20340043	     0.01922806
  1627.70346293	     0.01703841
  1628.20352544	     0.01484812
  1628.70358795	     0.01265579
  1629.20365046	     0.01046236
  1629.70371296	     0.00827143
  1630.20377547	     0.00608940
  1630.70383798	     0.00392560
  1631.20390049	     0.00179215
  1631.70396300	    -0.00029645
  1632.20402550	    -0.00232395
  1632.70408801	    -0.00427322
  1633.20415052	    -0.00612732
  1633.70421303	    -0.00787049
  1634.20427553	    -0.00948882
  1634.70433804	    -0.01097055
  1635.20440055	    -0.01230572
  1635.70446306	    -0.01348528
  1636.20452557	    -0.01449989
  1636.70458807	    -0.01533865
  1637.20465058	    -0.01598832
  1637.70471309	    -0.01643328
  1638.20477560	    -0.01665636
  1638.70483810	    -0.01664061
  1639.20490061	    -0.01637159
  1639.70496312	    -0.01583961
  1640.20502563	    -0.01504164
  1640.70508814	    -0.01398223
  1641.20515064	    -0.01267344
  1641.70521315	    -0.01113384
  1642.20527566	    -0.00938678
  1642.70533817	    -0.00745852
  1643.20540068	    -0.00537625
  1643.70546318	    -0.00316649
  1644.20552569	    -0.00085378
  1644.70558820	     0.00154023
  1645.20565071	     0.00399746
  1645.70571321	     0.00650367
  1646.20577572	     0.00904865
  1646.70583823	     0.01162614
  1647.20590074	     0.01423368
  1647.70596325	     0.01687231
  1648.20602575	     0.01954623
  1648.70608826	     0.02226245
  1649.20615077	     0.02503039
  1649.70621328	     0.02786153
  1650.20627578	     0.03076915
  1650.70633829	     0.03376795
  1651.20640080	     0.03687389
  1651.70646331	     0.04010386
  1652.20652582	     0.04347544
  1652.70658832	     0.04700661
  1653.20665083	     0.05071540
  1653.70671334	     0.05461937
  1654.20677585	     0.05873505
  1654.70683835	     0.06307714
  1655.20690086	     0.06765749
  1655.70696337	     0.07248382
  1656.20702588	     0.07755812
  1656.70708839	     0.08287473
  1657.20715089	     0.08841821
  1657.70721340	     0.09416088
  1658.20727591	     0.10006043
  1658.70733842	     0.10605770
  1659.20740093	     0.11207505
  1659.70746343	     0.11801584
  1660.20752594	     0.12376532
  1660.70758845	     0.12919366
  1661.20765096	     0.13416104
  1661.70771346	     0.13852497
  1662.20777597	     0.14214919
  1662.70783848	     0.14491336
  1663.20790099	     0.14672234
  1663.70796350	     0.14751389
  1664.20802600	     0.14726377
  1664.70808851	     0.14598751
  1665.20815102	     0.14373887
  1665.70821353	     0.14060512
  1666.20827603	     0.13669985
  1666.70833854	     0.13215434
  1667.20840105	     0.12710836
  1667.70846356	     0.12170165
  1668.20852607	     0.11606655
  1668.70858857	     0.11032259
  1669.20865108	     0.10457298
  1669.70871359	     0.09890302
  1670.20877610	     0.09338006
  1670.70883860	     0.08805460
  1671.20890111	     0.08296217
  1671.70896362	     0.07812549
  1672.20902613	     0.07355685
  1672.70908864	     0.06926024
  1673.20915114	     0.06523339
  1673.70921365	     0.06146938
  1674.20927616	     0.05795808
  1674.70933867	     0.05468727
  1675.20940118	     0.05164346
  1675.70946368	     0.04881260
  1676.20952619	     0.04618053
  1676.70958870	     0.04373333
  1677.20965121	     0.04145755
  1677.70971371	     0.03934041
  1678.20977622	     0.03736981
  1678.70983873	     0.03553444
  1679.20990124	     0.03382378
  1679.70996375	     0.03222808
  1680.21002625	     0.03073833
  1680.71008876	     0.02934625
  1681.21015127	     0.02804421
  1681.71021378	     0.02682523
  1682.21027628	     0.02568289
  1682.71033879	     0.02461133
  1683.21040130	     0.02360518
  1683.71046381	     0.02265951
  1684.21052632	     0.02176983
  1684.71058882	     0.02093200
  1685.21065133	     0.02014224
  1685.71071384	     0.01939710
  1686.21077635	     0.01869339
  1686.71083885	     0.01802820
  1687.21090136	     0.01739886
  1687.71096387	     0.01680290
  1688.21102638	     0.01623806
  1688.71108889	     0.01570226
  1689.21115139	     0.01519358
  1689.71121390	     0.01471026
  1690.21127641	     0.01425066
  1690.71133892	     0.01381328
  1691.21140143	     0.01339672
  1691.71146393	     0.01299970
  1692.21152644	     0.01262101
  1692.71158895	     0.01225956
  1693.21165146	     0.01191432
  1693.71171396	     0.01158434
  1694.21177647	     0.01126873
  1694.71183898	     0.01096667
  1695.21190149	     0.01067740
  1695.71196400	     0.01040019
  1696.21202650	     0.01013439
  1696.71208901	     0.00987937
  1697.21215152	     0.00963455
  1697.71221403	     0.00939939
  1698.21227653	     0.00917339
  1698.71233904	     0.00895607
  1699.21240155	     0.00874699
  1699.71246406	     0.00854572
  1700.21252657	     0.00835189
  1700.71258907	     0.00816511
  1701.21265158	     0.00798505
  1701.71271409	     0.00781139
  1702.21277660	     0.00764381
  1702.71283910	     0.00748204
  1703.21290161	     0.00732580
  1703.71296412	     0.00717483
  1704.21302663	     0.00702890
  1704.71308914	     0.00688777
  1705.21315164	     0.00675125
  1705.71321415	     0.00661911
  1706.21327666	     0.00649118
  1706.71333917	     0.00636727
  1707.21340168	     0.00624720
  1707.71346418	     0.00613082
  1708.21352669	     0.00601798
  1708.71358920	     0.00590852
  1709.21365171	     0.00580231
  1709.71371421	     0.00569922
  1710.21377672	     0.00559912
  1710.71383923	     0.00550189
  1711.21390174	     0.00540742
  1711.71396425	     0.00531561
  1712.21402675	     0.00522635
  1712.71408926	     0.00513955
  1713.21415177	     0.00505510
  1713.71421428	     0.00497294
  1714.21427678	     0.00489296
  1714.71433929	     0.00481509
  1715.21440180	     0.00473926
  1715.71446431	     0.00466538
  1716.21452682	     0.00459340
  1716.71458932	     0.00452324
  1717.21465183	     0.00445485
  1717.71471434	     0.00438815
  1718.21477685	     0.00432309
  1718.71483935	     0.00425962
  1719.21490186	     0.00419769
  1719.71496437	     0.00413723
  1720.21502688	     0.00407821
  1720.71508939	     0.00402057
  1721.21515189	     0.00396427
  1721.71521440	     0.00390927
  1722.21527691	     0.00385553
  1722.71533942	     0.00380300
  1723.21540193	     0.00375166
  1723.71546443	     0.00370145
  1724.21552694	     0.00365235
  1724.71558945	     0.00360432
  1725.21565196	     0.00355734
  1725.71571446	     0.00351136
  1726.21577697	     0.00346636
  1726.71583948	     0.00342231
  1727.21590199	     0.00337918
  1727.71596450	     0.00333695
  1728.21602700	     0.00329559
  1728.71608951	     0.00325507
  1729.21615202	     0.00321537
  1729.71621453	     0.00317647
  1730.21627703	     0.00313834
  1730.71633954	     0.00310097
  1731.21640205	     0.00306433
  1731.71646456	     0.00302841
  1732.21652707	     0.00299318
  1732.71658957	     0.00295862
  1733.21665208	     0.00292472
  1733.71671459	     0.00289146
  1734.21677710	     0.00285882
  1734.71683960	     0.00282679
  1735.21690211	     0.00279534
  1735.71696462	     0.00276448
  1736.21702713	     0.00273417
  1736.71708964	     0.00270441
  1737.21715214	     0.00267519
  1737.71721465	     0.00264648
  1738.21727716	     0.00261828
  1738.71733967	     0.00259057
  1739.21740218	     0.00256335
  1739.71746468	     0.00253659
  1740.21752719	     0.00251030
  1740.71758970	     0.00248445
  1741.21765221	     0.00245904
  1741.71771471	     0.00243406
  1742.21777722	     0.00240949
  1742.71783973	     0.00238533
  1743.21790224	     0.00236157
  1743.71796475	     0.00233819
  1744.21802725	     0.00231520
  1744.71808976	     0.00229258
  1745.21815227	     0.00227032
  1745.71821478	     0.00224841
  1746.21827728	     0.00222685
  1746.71833979	     0.00220563
  1747.21840230	     0.00218474
  1747.71846481	     0.00216418
  1748.21852732	     0.00214393
  1748.71858982	     0.00212399
  1749.21865233	     0.00210436
  1749.71871484	     0.00208502
  1750.21877735	     0.00206597
