   950.02375297	     0.01830184
   950.51881485	     0.01947631
   951.01387673	     0.02069481
   951.50893862	     0.02196050
   952.00400049	     0.02327650
   952.49906238	     0.02464576
   952.99412426	     0.02607115
   953.48918615	     0.02755538
   953.98424803	     0.02910106
   954.47930991	     0.03071068
   954.97437179	     0.03238661
   955.46943368	     0.03413111
   955.96449556	     0.03594622
   956.45955745	     0.03783381
   956.95461932	     0.03979554
   957.44968121	     0.04183280
   957.94474309	     0.04394675
   958.43980498	     0.04613837
   958.93486686	     0.04840849
   959.42992874	     0.05075802
   959.92499062	     0.05318819
   960.42005251	     0.05570099
   960.91511439	     0.05829986
   961.41017627	     0.06099060
   961.90523815	     0.06378237
   962.40030004	     0.06668884
   962.89536192	     0.06972890
   963.39042380	     0.07292688
   963.88548568	     0.07631166
   964.38054757	     0.07991452
   964.87560945	     0.08376592
   965.37067134	     0.08789130
   965.86573321	     0.09230690
   966.36079510	     0.09701648
   966.85585698	     0.10200966
   967.35091887	     0.10726272
   967.84598075	     0.11274163
   968.34104263	     0.11840698
   968.83610451	     0.12421983
   969.33116640	     0.13014723
   969.82622828	     0.13616641
   970.32129016	     0.14226697
   970.81635204	     0.14845055
   971.31141393	     0.15472852
   971.80647581	     0.16111803
   972.30153770	     0.16763729
   972.79659957	     0.17430079
   973.29166146	     0.18111490
   973.78672334	     0.18807422
   974.28178523	     0.19515878
   974.77684711	     0.20233208
   975.27190899	     0.20954016
   975.76697087	     0.21671158
   976.26203276	     0.22375865
   976.75709464	     0.23058001
   977.25215652	     0.23706449
   977.74721840	     0.24309657
   978.24228029	     0.24856277
   978.73734217	     0.25335899
   979.23240405	     0.25739765
   979.72746593	     0.26061448
   980.22252782	     0.26297376
   980.71758970	     0.26447174
   981.21265159	     0.26513750
   981.70771346	     0.26503099
   982.20277535	     0.26423842
   982.69783723	     0.26286498
   983.19289911	     0.26102629
   983.68796100	     0.25883927
   984.18302287	     0.25641410
   984.67808476	     0.25384800
   985.17314664	     0.25122162
   985.66820853	     0.24859805
   986.16327040	     0.24602377
   986.65833229	     0.24353113
   987.15339417	     0.24114129
   987.64845606	     0.23886703
   988.14351794	     0.23671531
   988.63857982	     0.23468923
   989.13364170	     0.23279012
   989.62870359	     0.23101954
   990.12376547	     0.22938167
   990.61882735	     0.22788586
   991.11388923	     0.22654925
   991.60895112	     0.22539879
   992.10401300	     0.22447242
   992.59907489	     0.22381913
   993.09413676	     0.22349766
   993.58919865	     0.22357450
   994.08426053	     0.22412108
   994.57932242	     0.22521115
   995.07438430	     0.22691845
   995.56944618	     0.22931499
   996.06450806	     0.23247023
   996.55956995	     0.23645074
   997.05463183	     0.24132049
   997.54969371	     0.24714135
   998.04475559	     0.25397372
   998.53981748	     0.26187689
   999.03487936	     0.27090913
   999.52994125	     0.28112730
  1000.02500312	     0.29258580
  1000.52006501	     0.30533476
  1001.01512689	     0.31941740
  1001.51018878	     0.33486635
  1002.00525065	     0.35169888
  1002.50031254	     0.36991087
  1002.99537442	     0.38946937
  1003.49043631	     0.41030370
  1003.98549819	     0.43229520
  1004.48056007	     0.45526557
  1004.97562195	     0.47896480
  1005.47068384	     0.50305935
  1005.96574572	     0.52712241
  1006.46080760	     0.55062870
  1006.95586948	     0.57295636
  1007.45093137	     0.59339926
  1007.94599325	     0.61119207
  1008.44105514	     0.62554911
  1008.93611701	     0.63571562
  1009.43117890	     0.64102695
  1009.92624078	     0.64096847
  1010.42130267	     0.63522702
  1010.91636455	     0.62372516
  1011.41142643	     0.60663181
  1011.90648831	     0.58434758
  1012.40155020	     0.55746794
  1012.89661208	     0.52673118
  1013.39167396	     0.49296062
  1013.88673584	     0.45700881
  1014.38179772	     0.41971014
  1014.87685961	     0.38184391
  1015.37192149	     0.34410790
  1015.86698337	     0.30710032
  1016.36204525	     0.27130822
  1016.85710714	     0.23710108
  1017.35216902	     0.20472926
  1017.84723090	     0.17432802
  1018.34229278	     0.14592719
  1018.83735467	     0.11946647
  1019.33241655	     0.09481467
  1019.82747844	     0.07179068
  1020.32254031	     0.05018381
  1020.81760220	     0.02977126
  1021.31266408	     0.01033124
  1021.80772597	    -0.00834845
  1022.30278784	    -0.02646626
  1022.79784973	    -0.04420594
  1023.29291161	    -0.06173749
  1023.78797350	    -0.07921874
  1024.28303538	    -0.09679613
  1024.77809726	    -0.11460399
  1025.27315914	    -0.13276200
  1025.76822103	    -0.15137057
  1026.26328291	    -0.17050471
  1026.75834480	    -0.19020662
  1027.25340667	    -0.21047776
  1027.74846856	    -0.23127105
  1028.24353044	    -0.25248366
  1028.73859233	    -0.27395141
  1029.23365420	    -0.29544540
  1029.72871609	    -0.31667160
  1030.22377797	    -0.33727409
  1030.71883986	    -0.35684220
  1031.21390174	    -0.37492185
  1031.70896362	    -0.39103122
  1032.20402550	    -0.40468063
  1032.69908739	    -0.41539644
  1033.19414927	    -0.42274797
  1033.68921115	    -0.42637577
  1034.18427303	    -0.42601819
  1034.67933492	    -0.42153230
  1035.17439680	    -0.41290525
  1035.66945869	    -0.40025290
  1036.16452056	    -0.38380439
  1036.65958245	    -0.36387475
  1037.15464433	    -0.34082914
  1037.64970622	    -0.31504476
  1038.14476809	    -0.28687581
  1038.63982998	    -0.25662668
  1039.13489186	    -0.22453569
  1039.62995375	    -0.19077043
  1040.12501563	    -0.15543324
  1040.62007751	    -0.11857457
  1041.11513939	    -0.08021067
  1041.61020128	    -0.04034255
  1042.10526316	     0.00102708
  1042.60032505	     0.04388060
  1043.09538692	     0.08817725
  1043.59044881	     0.13384932
  1044.08551069	     0.18080202
  1044.58057258	     0.22891512
  1045.07563445	     0.27804516
  1045.57069633	     0.32802669
  1046.06575822	     0.37867244
  1046.56082010	     0.42977205
  1047.05588199	     0.48109017
  1047.55094386	     0.53236422
  1048.04600575	     0.58330213
  1048.54106763	     0.63357946
  1049.03612952	     0.68283516
  1049.53119139	     0.73066494
  1050.02625328	     0.77661209
  1050.52131516	     0.82015677
  1051.01637705	     0.86070652
  1051.51143893	     0.89759198
  1052.00650081	     0.93007191
  1052.50156269	     0.95735127
  1052.99662458	     0.97861377
  1053.49168646	     0.99306751
  1053.98674834	     1.00000000
  1054.48181022	     0.99883638
  1054.97687211	     0.98919403
  1055.47193399	     0.97092740
  1055.96699588	     0.94415823
  1056.46205775	     0.90928826
  1056.95711964	     0.86699341
  1057.45218152	     0.81819977
  1057.94724341	     0.76404305
  1058.44230529	     0.70581506
  1058.93736717	     0.64490127
  1059.43242905	     0.58271503
  1059.92749094	     0.52063304
  1060.42255282	     0.45993689
  1060.91761470	     0.40176293
  1061.41267658	     0.34706307
  1061.90773847	     0.29657742
  1062.40280035	     0.25081968
  1062.89786224	     0.21007581
  1063.39292411	     0.17441592
  1063.88798600	     0.14371795
  1064.38304788	     0.11770110
  1064.87810977	     0.09596548
  1065.37317164	     0.07803409
  1065.86823353	     0.06339308
  1066.36329541	     0.05152696
  1066.85835730	     0.04194638
  1067.35341918	     0.03420754
  1067.84848106	     0.02792331
  1068.34354294	     0.02276728
  1068.83860483	     0.01847213
  1069.33366671	     0.01482437
  1069.82872859	     0.01165684
  1070.32379047	     0.00884068
  1070.81885236	     0.00627742
  1071.31391424	     0.00389232
  1071.80897613	     0.00162874
  1072.30403800	    -0.00055616
  1072.79909989	    -0.00269482
  1073.29416177	    -0.00481214
  1073.78922366	    -0.00692800
  1074.28428554	    -0.00905954
  1074.77934742	    -0.01122341
  1075.27440930	    -0.01343755
  1075.76947119	    -0.01572249
  1076.26453307	    -0.01810207
  1076.75959495	    -0.02060345
  1077.25465683	    -0.02325665
  1077.74971871	    -0.02609378
  1078.24478060	    -0.02914822
  1078.73984248	    -0.03245390
  1079.23490436	    -0.03604477
  1079.72996624	    -0.03995458
  1080.22502813	    -0.04421680
  1080.72009001	    -0.04886472
  1081.21515189	    -0.05393160
  1081.71021377	    -0.05945073
  1082.20527566	    -0.06545542
  1082.70033754	    -0.07197869
  1083.19539943	    -0.07905271
  1083.69046130	    -0.08670783
  1084.18552319	    -0.09497101
  1084.68058507	    -0.10386368
  1085.17564696	    -0.11339874
  1085.67070883	    -0.12357672
  1086.16577072	    -0.13438064
  1086.66083260	    -0.14576985
  1087.15589449	    -0.15767247
  1087.65095637	    -0.16997665
  1088.14601825	    -0.18252111
  1088.64108013	    -0.19508527
  1089.13614202	    -0.20738054
  1089.63120390	    -0.21904398
  1090.12626579	    -0.22963668
  1090.62132766	    -0.23864945
  1091.11638955	    -0.24551796
  1091.61145143	    -0.24964943
  1092.10651332	    -0.25046105
  1092.60157519	    -0.24742829
  1093.09663708	    -0.24013874
  1093.59169896	    -0.22834454
  1094.08676085	    -0.21200560
  1094.58182273	    -0.19131558
  1095.07688461	    -0.16670581
  1095.57194649	    -0.13882478
  1096.06700838	    -0.10849583
  1096.56207026	    -0.07665799
  1097.05713214	    -0.04429751
  1097.55219402	    -0.01237786
  1098.04725591	     0.01822452
  1098.54231779	     0.04677241
  1099.03737968	     0.07270369
  1099.53244155	     0.09564836
  1100.02750344	     0.11542697
  1100.52256532	     0.13203288
  1101.01762721	     0.14560254
  1101.51268908	     0.15637908
  1102.00775097	     0.16467406
  1102.50281285	     0.17083154
  1102.99787474	     0.17519731
  1103.49293662	     0.17809496
  1103.98799850	     0.17980953
  1104.48306038	     0.18057862
  1104.97812227	     0.18059077
  1105.47318415	     0.17998992
  1105.96824604	     0.17888448
  1106.46330791	     0.17735921
  1106.95836980	     0.17548767
  1107.45343168	     0.17334311
  1107.94849357	     0.17100623
  1108.44355544	     0.16856866
  1108.93861732	     0.16613215
  1109.43367921	     0.16380407
  1109.92874109	     0.16169033
  1110.42380298	     0.15988704
  1110.91886485	     0.15847235
  1111.41392674	     0.15749935
  1111.90898862	     0.15699121
  1112.40405051	     0.15693921
  1112.89911238	     0.15730403
  1113.39417427	     0.15802057
  1113.88923615	     0.15900582
  1114.38429804	     0.16016880
  1114.87935992	     0.16142100
  1115.37442180	     0.16268596
  1115.86948368	     0.16390609
  1116.36454557	     0.16504612
  1116.85960745	     0.16609270
  1117.35466934	     0.16705081
  1117.84973121	     0.16793765
  1118.34479310	     0.16877552
  1118.83985498	     0.16958448
  1119.33491687	     0.17037621
  1119.82997874	     0.17114947
  1120.32504063	     0.17188797
  1120.82010251	     0.17256098
  1121.31516440	     0.17312665
  1121.81022628	     0.17353775
  1122.30528816	     0.17374923
  1122.80035004	     0.17372633
  1123.29541193	     0.17345201
  1123.79047381	     0.17293225
  1124.28553569	     0.17219819
  1124.78059757	     0.17130474
  1125.27565946	     0.17032578
  1125.77072134	     0.16934681
  1126.26578323	     0.16845642
  1126.76084510	     0.16773728
  1127.25590699	     0.16725804
  1127.75096887	     0.16706616
  1128.24603076	     0.16718205
  1128.74109263	     0.16759446
  1129.23615452	     0.16825686
  1129.73121640	     0.16908518
  1130.22627829	     0.16995686
  1130.72134017	     0.17071197
  1131.21640205	     0.17115733
  1131.71146393	     0.17107419
  1132.20652582	     0.17023025
  1132.70158770	     0.16839603
  1133.19664959	     0.16536457
  1133.69171146	     0.16097259
  1134.18677335	     0.15512024
  1134.68183523	     0.14778616
  1135.17689712	     0.13903504
  1135.67195899	     0.12901631
  1136.16702088	     0.11795360
  1136.66208276	     0.10612686
  1137.15714465	     0.09384995
  1137.65220653	     0.08144679
  1138.14726841	     0.06922923
  1138.64233029	     0.05747899
  1139.13739218	     0.04643527
  1139.63245406	     0.03628860
  1140.12751594	     0.02718033
  1140.62257782	     0.01920662
  1141.11763970	     0.01242501
  1141.61270159	     0.00686141
  1142.10776347	     0.00251571
  1142.60282535	    -0.00063511
  1143.09788723	    -0.00263661
  1143.59294912	    -0.00355879
  1144.08801100	    -0.00349857
  1144.58307288	    -0.00258183
  1145.07813476	    -0.00096310
  1145.57319665	     0.00117745
  1146.06825853	     0.00364032
  1146.56332042	     0.00621560
  1147.05838229	     0.00869378
  1147.55344418	     0.01087753
  1148.04850606	     0.01259293
  1148.54356795	     0.01369937
  1149.03862983	     0.01409678
  1149.53369171	     0.01372952
  1150.02875359	     0.01258612
  1150.52381548	     0.01069552
  1151.01887736	     0.00811991
  1151.51393924	     0.00494581
  1152.00900112	     0.00127442
  1152.50406301	    -0.00278767
  1152.99912489	    -0.00713636
  1153.49418678	    -0.01167634
  1153.98924865	    -0.01632592
  1154.48431054	    -0.02102047
  1154.97937242	    -0.02571487
  1155.47443431	    -0.03038523
  1155.96949618	    -0.03502968
  1156.46455807	    -0.03966842
  1156.95961995	    -0.04434235
  1157.45468184	    -0.04911042
  1157.94974372	    -0.05404518
  1158.44480560	    -0.05922677
  1158.93986748	    -0.06473568
  1159.43492937	    -0.07064480
  1159.92999125	    -0.07701165
  1160.42505313	    -0.08387214
  1160.92011501	    -0.09123665
  1161.41517690	    -0.09908963
  1161.91023878	    -0.10739305
  1162.40530067	    -0.11609316
  1162.90036254	    -0.12512991
  1163.39542443	    -0.13444697
  1163.89048631	    -0.14400094
  1164.38554820	    -0.15376820
  1164.88061008	    -0.16374844
  1165.37567196	    -0.17396479
  1165.87073384	    -0.18446105
  1166.36579573	    -0.19529681
  1166.86085761	    -0.20654153
  1167.35591949	    -0.21826833
  1167.85098137	    -0.23054826
  1168.34604326	    -0.24344509
  1168.84110514	    -0.25701083
  1169.33616703	    -0.27128191
  1169.83122890	    -0.28627586
  1170.32629079	    -0.30198845
  1170.82135267	    -0.31839145
  1171.31641456	    -0.33543129
  1171.81147643	    -0.35302916
  1172.30653832	    -0.37108324
  1172.80160020	    -0.38947355
  1173.29666208	    -0.40806994
  1173.79172397	    -0.42674295
  1174.28678584	    -0.44537668
  1174.78184773	    -0.46388176
  1175.27690961	    -0.48220623
  1175.77197150	    -0.50034169
  1176.26703337	    -0.51832274
  1176.76209526	    -0.53621898
  1177.25715714	    -0.55411995
  1177.75221903	    -0.57211505
  1178.24728091	    -0.59027151
  1178.74234279	    -0.60861348
  1179.23740467	    -0.62710564
  1179.73246656	    -0.64564416
  1180.22752844	    -0.66405688
  1180.72259033	    -0.68211420
  1181.21765220	    -0.69955061
  1181.71271409	    -0.71609525
  1182.20777597	    -0.73150824
  1182.70283786	    -0.74561781
  1183.19789973	    -0.75835191
  1183.69296162	    -0.76975875
  1184.18802350	    -0.78001221
  1184.68308539	    -0.78940088
  1185.17814727	    -0.79830263
  1185.67320915	    -0.80714908
  1186.16827103	    -0.81638520
  1186.66333292	    -0.82642885
  1187.15839480	    -0.83763407
  1187.65345668	    -0.85026033
  1188.14851856	    -0.86444853
  1188.64358045	    -0.88020433
  1189.13864233	    -0.89738874
  1189.63370422	    -0.91571687
  1190.12876609	    -0.93476551
  1190.62382798	    -0.95399162
  1191.11888986	    -0.97276281
  1191.61395175	    -0.99040060
  1192.10901362	    -1.00623482
  1192.60407551	    -1.01966493
  1193.09913739	    -1.03022096
  1193.59419928	    -1.03761527
  1194.08926116	    -1.04177646
  1194.58432304	    -1.04285939
  1195.07938492	    -1.04122998
  1195.57444681	    -1.03742784
  1196.06950869	    -1.03211385
  1196.56457058	    -1.02601074
  1197.05963245	    -1.01984420
  1197.55469434	    -1.01428977
  1198.04975622	    -1.00992847
  1198.54481811	    -1.00721208
  1199.03987998	    -1.00643789
  1199.53494187	    -1.00773240
  1200.03000375	    -1.01104292
  1200.52506564	    -1.01613672
  1201.02012752	    -1.02260682
  1201.51518940	    -1.02988468
  1202.01025128	    -1.03725980
  1202.50531317	    -1.04390678
  1203.00037505	    -1.04892079
  1203.49543693	    -1.05136151
  1203.99049881	    -1.05030520
  1204.48556069	    -1.04490206
  1204.98062258	    -1.03443456
  1205.47568446	    -1.01836946
  1205.97074634	    -0.99639634
  1206.46580822	    -0.96844614
  1206.96087011	    -0.93468682
  1207.45593199	    -0.89549780
  1207.95099387	    -0.85142873
  1208.44605575	    -0.80315027
  1208.94111764	    -0.75140449
  1209.43617952	    -0.69696045
  1209.93124141	    -0.64057827
  1210.42630328	    -0.58298279
  1210.92136517	    -0.52484675
  1211.41642705	    -0.46678298
  1211.91148894	    -0.40934389
  1212.40655082	    -0.35302615
  1212.90161270	    -0.29827676
  1213.39667458	    -0.24549723
  1213.89173647	    -0.19504265
  1214.38679835	    -0.14721488
  1214.88186023	    -0.10225146
  1215.37692211	    -0.06031353
  1215.87198400	    -0.02147700
  1216.36704588	     0.01427002
  1216.86210777	     0.04702207
  1217.35716964	     0.07694446
  1217.85223153	     0.10425711
  1218.34729341	     0.12921695
  1218.84235530	     0.15210131
  1219.33741717	     0.17319361
  1219.83247906	     0.19277134
  1220.32754094	     0.21109588
  1220.82260283	     0.22840335
  1221.31766471	     0.24489606
  1221.81272659	     0.26073500
  1222.30778847	     0.27603382
  1222.80285036	     0.29085547
  1223.29791224	     0.30521216
  1223.79297412	     0.31906914
  1224.28803600	     0.33235253
  1224.78309789	     0.34496105
  1225.27815977	     0.35678097
  1225.77322166	     0.36770383
  1226.26828353	     0.37764510
  1226.76334542	     0.38656199
  1227.25840730	     0.39446779
  1227.75346919	     0.40143986
  1228.24853107	     0.40761956
  1228.74359295	     0.41320311
  1229.23865483	     0.41842471
  1229.73371672	     0.42353404
  1230.22877860	     0.42877171
  1230.72384048	     0.43434597
  1231.21890236	     0.44041329
  1231.71396425	     0.44706446
  1232.20902613	     0.45431732
  1232.70408802	     0.46211559
  1233.19914989	     0.47033395
  1233.69421178	     0.47878857
  1234.18927366	     0.48725262
  1234.68433555	     0.49547617
  1235.17939742	     0.50320912
  1235.67445931	     0.51022537
  1236.16952119	     0.51634578
  1236.66458307	     0.52145694
  1237.15964496	     0.52552347
  1237.65470683	     0.52859224
  1238.14976872	     0.53078866
  1238.64483060	     0.53230627
  1239.13989249	     0.53339154
  1239.63495436	     0.53432618
  1240.13001625	     0.53540853
  1240.62507813	     0.53693523
  1241.12014002	     0.53918414
  1241.61520190	     0.54239879
  1242.11026378	     0.54677507
  1242.60532566	     0.55244999
  1243.10038755	     0.55949300
  1243.59544943	     0.56789979
  1244.09051132	     0.57758873
  1244.58557319	     0.58840049
  1245.08063508	     0.60010112
  1245.57569696	     0.61238906
  1246.07075885	     0.62490632
  1246.56582072	     0.63725317
  1247.06088261	     0.64900503
  1247.55594449	     0.65972962
  1248.05100638	     0.66900236
  1248.54606826	     0.67641849
  1249.04113014	     0.68160207
  1249.53619202	     0.68421332
  1250.03125391	     0.68395685
  1250.52631579	     0.68059319
  1251.02137767	     0.67395413
  1251.51643955	     0.66396052
  1252.01150144	     0.65063855
  1252.50656332	     0.63413022
  1253.00162521	     0.61469416
  1253.49668708	     0.59269540
  1253.99174897	     0.56858536
  1254.48681085	     0.54287535
  1254.98187274	     0.51610789
  1255.47693461	     0.48882967
  1255.97199650	     0.46156877
  1256.46705838	     0.43481722
  1256.96212027	     0.40901848
  1257.45718215	     0.38455921
  1257.95224403	     0.36176389
  1258.44730591	     0.34089141
  1258.94236780	     0.32213305
  1259.43742968	     0.30561147
  1259.93249157	     0.29138025
  1260.42755344	     0.27942401
  1260.92261533	     0.26965860
  1261.41767721	     0.26193155
  1261.91273910	     0.25602251
  1262.40780097	     0.25164508
  1262.90286286	     0.24845054
  1263.39792474	     0.24603533
  1263.89298663	     0.24395304
  1264.38804851	     0.24173099
  1264.88311039	     0.23889060
  1265.37817227	     0.23496939
  1265.87323416	     0.22954247
  1266.36829604	     0.22224158
  1266.86335792	     0.21277044
  1267.35841980	     0.20091584
  1267.85348168	     0.18655414
  1268.34854357	     0.16965268
  1268.84360545	     0.15026519
  1269.33866733	     0.12852084
  1269.83372921	     0.10460702
  1270.32879110	     0.07874782
  1270.82385298	     0.05118079
  1271.31891487	     0.02213609
  1271.81397674	    -0.00817930
  1272.30903863	    -0.03958953
  1272.80410051	    -0.07194957
  1273.29916240	    -0.10513663
  1273.79422427	    -0.13903501
  1274.28928616	    -0.17351589
  1274.78434804	    -0.20841501
  1275.27940993	    -0.24351116
  1275.77447181	    -0.27850979
  1276.26953369	    -0.31303587
  1276.76459557	    -0.34664039
  1277.25965746	    -0.37882249
  1277.75471934	    -0.40906630
  1278.24978122	    -0.43688726
  1278.74484310	    -0.46187877
  1279.23990499	    -0.48374859
  1279.73496687	    -0.50233600
  1280.23002876	    -0.51760548
  1280.72509063	    -0.52961951
  1281.22015252	    -0.53849903
  1281.71521440	    -0.54438271
  1282.21027629	    -0.54739597
  1282.70533816	    -0.54763600
  1283.20040005	    -0.54517462
  1283.69546193	    -0.54007506
  1284.19052382	    -0.53241662
  1284.68558570	    -0.52231927
  1285.18064758	    -0.50996209
  1285.67570946	    -0.49559097
  1286.17077135	    -0.47951441
  1286.66583323	    -0.46208904
  1287.16089512	    -0.44369828
  1287.65595699	    -0.42472859
  1288.15101888	    -0.40554747
  1288.64608076	    -0.38648592
  1289.14114265	    -0.36782688
  1289.63620452	    -0.34979952
  1290.13126641	    -0.33257857
  1290.62632829	    -0.31628726
  1291.12139018	    -0.30100234
  1291.61645206	    -0.28676030
  1292.11151394	    -0.27356337
  1292.60657582	    -0.26138533
  1293.10163771	    -0.25017654
  1293.59669959	    -0.23986851
  1294.09176147	    -0.23037805
  1294.58682335	    -0.22161137
  1295.08188524	    -0.21346847
  1295.57694712	    -0.20584781
  1296.07200901	    -0.19865132
  1296.56707088	    -0.19178952
  1297.06213277	    -0.18518612
  1297.55719465	    -0.17878158
  1298.05225654	    -0.17253518
  1298.54731841	    -0.16642519
  1299.04238030	    -0.16044718
  1299.53744218	    -0.15461092
  1300.03250406	    -0.14893638
  1300.52756595	    -0.14344945
  1301.02262782	    -0.13817811
  1301.51768971	    -0.13314945
  1302.01275159	    -0.12838757
  1302.50781348	    -0.12391266
  1303.00287536	    -0.11974090
  1303.49793724	    -0.11588501
  1303.99299912	    -0.11235544
  1304.48806101	    -0.10916163
  1304.98312289	    -0.10631343
  1305.47818477	    -0.10382231
  1305.97324665	    -0.10170207
  1306.46830854	    -0.09996908
  1306.96337042	    -0.09864159
  1307.45843231	    -0.09773829
  1307.95349418	    -0.09727613
  1308.44855607	    -0.09726768
  1308.94361795	    -0.09771843
  1309.43867984	    -0.09862461
  1309.93374171	    -0.09997163
  1310.42880360	    -0.10173367
  1310.92386548	    -0.10387409
  1311.41892737	    -0.10634698
  1311.91398925	    -0.10909948
  1312.40905113	    -0.11207476
  1312.90411301	    -0.11521582
  1313.39917490	    -0.11846959
  1313.89423678	    -0.12179142
  1314.38929866	    -0.12514937
  1314.88436054	    -0.12852784
  1315.37942243	    -0.13193017
  1315.87448431	    -0.13537973
  1316.36954620	    -0.13891926
  1316.86460807	    -0.14260858
  1317.35966996	    -0.14652099
  1317.85473184	    -0.15073852
  1318.34979373	    -0.15534656
  1318.84485561	    -0.16042833
  1319.33991749	    -0.16605910
  1319.83497937	    -0.17230091
  1320.33004126	    -0.17919756
  1320.82510314	    -0.18677060
  1321.32016502	    -0.19501646
  1321.81522690	    -0.20390517
  1322.31028879	    -0.21338088
  1322.80535067	    -0.22336430
  1323.30041256	    -0.23375680
  1323.79547443	    -0.24444587
  1324.29053632	    -0.25531120
  1324.78559820	    -0.26623054
  1325.28066009	    -0.27708474
  1325.77572196	    -0.28776126
  1326.27078385	    -0.29815574
  1326.76584573	    -0.30817172
  1327.26090762	    -0.31771908
  1327.75596950	    -0.32671175
  1328.25103138	    -0.33506554
  1328.74609326	    -0.34269697
  1329.24115515	    -0.34952282
  1329.73621703	    -0.35546054
  1330.23127891	    -0.36042875
  1330.72634079	    -0.36434727
  1331.22140267	    -0.36713651
  1331.71646456	    -0.36871657
  1332.21152644	    -0.36900694
  1332.70658832	    -0.36792820
  1333.20165020	    -0.36540656
  1333.69671209	    -0.36138157
  1334.19177397	    -0.35581580
  1334.68683586	    -0.34870463
  1335.18189773	    -0.34008318
  1335.67695962	    -0.33002840
  1336.17202150	    -0.31865524
  1336.66708339	    -0.30610778
  1337.16214526	    -0.29254783
  1337.65720715	    -0.27814373
  1338.15226903	    -0.26306239
  1338.64733092	    -0.24746521
  1339.14239280	    -0.23150757
  1339.63745468	    -0.21533989
  1340.13251656	    -0.19910817
  1340.62757845	    -0.18295246
  1341.12264033	    -0.16700297
  1341.61770221	    -0.15137497
  1342.11276409	    -0.13616401
  1342.60782598	    -0.12144324
  1343.10288786	    -0.10726337
  1343.59794975	    -0.09365566
  1344.09301162	    -0.08063682
  1344.58807351	    -0.06821489
  1345.08313539	    -0.05639505
  1345.57819728	    -0.04518442
  1346.07325915	    -0.03459568
  1346.56832104	    -0.02464938
  1347.06338292	    -0.01537475
  1347.55844481	    -0.00680944
  1348.05350669	     0.00100212
  1348.54856857	     0.00801115
  1349.04363045	     0.01416787
  1349.53869234	     0.01942478
  1350.03375422	     0.02373975
  1350.52881611	     0.02707818
  1351.02387798	     0.02941414
  1351.51893987	     0.03073050
  1352.01400175	     0.03101853
  1352.50906364	     0.03027736
  1353.00412551	     0.02851388
  1353.49918740	     0.02574324
  1353.99424928	     0.02199006
  1354.48931117	     0.01729019
  1354.98437305	     0.01169292
  1355.47943493	     0.00526354
  1355.97449681	    -0.00191379
  1356.46955870	    -0.00973309
  1356.96462058	    -0.01806359
  1357.45968246	    -0.02674733
  1357.95474434	    -0.03559758
  1358.44980623	    -0.04439870
  1358.94486811	    -0.05290772
  1359.43993000	    -0.06085797
  1359.93499187	    -0.06796508
  1360.43005376	    -0.07393552
  1360.92511564	    -0.07847786
  1361.42017753	    -0.08131678
  1361.91523940	    -0.08220911
  1362.41030129	    -0.08096117
  1362.90536317	    -0.07744555
  1363.40042505	    -0.07161519
  1363.89548694	    -0.06351253
  1364.39054881	    -0.05327172
  1364.88561070	    -0.04111332
  1365.38067258	    -0.02733138
  1365.87573447	    -0.01227496
  1366.37079635	     0.00367369
  1366.86585823	     0.02012144
  1367.36092011	     0.03668455
  1367.85598200	     0.05300528
  1368.35104388	     0.06876409
  1368.84610576	     0.08368771
  1369.34116764	     0.09755426
  1369.83622953	     0.11019656
  1370.33129141	     0.12150505
  1370.82635330	     0.13143070
  1371.32141517	     0.13998770
  1371.81647706	     0.14725507
  1372.31153894	     0.15337585
  1372.80660083	     0.15855280
  1373.30166270	     0.16304016
  1373.79672459	     0.16713146
  1374.29178647	     0.17114435
  1374.78684836	     0.17540359
  1375.28191024	     0.18022349
  1375.77697212	     0.18589108
  1376.27203400	     0.19265139
  1376.76709589	     0.20069543
  1377.26215777	     0.21015189
  1377.75721965	     0.22108246
  1378.25228153	     0.23348055
  1378.74734342	     0.24727243
  1379.24240530	     0.26231993
  1379.73746719	     0.27842363
  1380.23252906	     0.29532612
  1380.72759095	     0.31271567
  1381.22265283	     0.33023139
  1381.71771472	     0.34747132
  1382.21277660	     0.36400545
  1382.70783848	     0.37939452
  1383.20290036	     0.39321451
  1383.69796225	     0.40508521
  1384.19302413	     0.41469872
  1384.68808601	     0.42184351
  1385.18314789	     0.42641890
  1385.67820978	     0.42843689
  1386.17327166	     0.42801097
  1386.66833355	     0.42533420
  1387.16339542	     0.42065148
  1387.65845731	     0.41423164
  1388.15351919	     0.40634396
  1388.64858108	     0.39724211
  1389.14364295	     0.38715648
  1389.63870484	     0.37629353
  1390.13376672	     0.36484045
  1390.62882861	     0.35297187
  1391.12389049	     0.34085651
  1391.61895237	     0.32866178
  1392.11401425	     0.31655490
  1392.60907614	     0.30470067
  1393.10413802	     0.29325657
  1393.59919990	     0.28236637
  1394.09426178	     0.27215400
  1394.58932366	     0.26271908
  1395.08438555	     0.25413495
  1395.57944743	     0.24644939
  1396.07450931	     0.23968762
  1396.56957119	     0.23385660
  1397.06463308	     0.22894963
  1397.55969496	     0.22495047
  1398.05475685	     0.22183618
  1398.54981872	     0.21957873
  1399.04488061	     0.21814517
  1399.53994249	     0.21749674
  1400.03500438	     0.21758739
  1400.53006625	     0.21836209
  1401.02512814	     0.21975559
  1401.52019002	     0.22169230
  1402.01525191	     0.22408763
  1402.51031379	     0.22685170
  1403.00537567	     0.22989493
  1403.50043755	     0.23313579
  1403.99549944	     0.23650917
  1404.49056132	     0.23997447
  1404.98562320	     0.24352177
  1405.48068508	     0.24717457
  1405.97574697	     0.25098886
  1406.47080885	     0.25504845
  1406.96587074	     0.25945725
  1407.46093261	     0.26433009
  1407.95599450	     0.26978318
  1408.45105638	     0.27592514
  1408.94611827	     0.28284923
  1409.44118014	     0.29062672
  1409.93624203	     0.29930129
  1410.43130391	     0.30888390
  1410.92636580	     0.31934791
  1411.42142768	     0.33062419
  1411.91648956	     0.34259647
  1412.41155144	     0.35509715
  1412.90661333	     0.36790461
  1413.40167521	     0.38074287
  1413.89673710	     0.39328485
  1414.39179897	     0.40516018
  1414.88686086	     0.41596831
  1415.38192274	     0.42529670
  1415.87698463	     0.43274337
  1416.37204650	     0.43794205
  1416.86710839	     0.44058739
  1417.36217027	     0.44045759
  1417.85723216	     0.43743138
  1418.35229404	     0.43149714
  1418.84735592	     0.42275243
  1419.34241780	     0.41139400
  1419.83747969	     0.39769940
  1420.33254157	     0.38200320
  1420.82760345	     0.36467081
  1421.32266533	     0.34607362
  1421.81772722	     0.32656789
  1422.31278910	     0.30647880
  1422.80785099	     0.28609018
  1423.30291286	     0.26563945
  1423.79797475	     0.24531680
  1424.29303663	     0.22526759
  1424.78809852	     0.20559716
  1425.28316040	     0.18637701
  1425.77822227	     0.16765193
  1426.27328416	     0.14944750
  1426.76834604	     0.13177764
  1427.26340793	     0.11465196
  1427.75846980	     0.09808247
  1428.25353169	     0.08208962
  1428.74859357	     0.06670708
  1429.24365546	     0.05198492
  1429.73871734	     0.03799071
  1430.23377922	     0.02480798
  1430.72884110	     0.01253186
  1431.22390299	     0.00126164
  1431.71896487	    -0.00890895
  1432.21402675	    -0.01790295
  1432.70908863	    -0.02567112
  1433.20415052	    -0.03220070
  1433.69921240	    -0.03752050
  1434.19427429	    -0.04170099
  1434.68933616	    -0.04484957
  1435.18439805	    -0.04710170
  1435.67945993	    -0.04860971
  1436.17452182	    -0.04953101
  1436.66958369	    -0.05001730
  1437.16464558	    -0.05020593
  1437.65970746	    -0.05021375
  1438.15476935	    -0.05013364
  1438.64983123	    -0.05003309
  1439.14489311	    -0.04995462
  1439.63995499	    -0.04991755
  1440.13501688	    -0.04992083
  1440.63007876	    -0.04994681
  1441.12514065	    -0.04996571
  1441.62020252	    -0.04994088
  1442.11526441	    -0.04983420
  1442.61032629	    -0.04961157
  1443.10538818	    -0.04924769
  1443.60045005	    -0.04872943
  1444.09551194	    -0.04805767
  1444.59057382	    -0.04724700
  1445.08563571	    -0.04632364
  1445.58069759	    -0.04532208
  1446.07575947	    -0.04428077
  1446.57082135	    -0.04323786
  1447.06588324	    -0.04222719
  1447.56094512	    -0.04127501
  1448.05600700	    -0.04039758
  1448.55106888	    -0.03959946
  1449.04613077	    -0.03887269
  1449.54119265	    -0.03819670
  1450.03625454	    -0.03753898
  1450.53131641	    -0.03685657
  1451.02637830	    -0.03609860
  1451.52144018	    -0.03520978
  1452.01650207	    -0.03413473
  1452.51156394	    -0.03282293
  1453.00662583	    -0.03123360
  1453.50168771	    -0.02933980
  1453.99674960	    -0.02713115
  1454.49181148	    -0.02461444
  1454.98687336	    -0.02181229
  1455.48193524	    -0.01875993
  1455.97699713	    -0.01550097
  1456.47205901	    -0.01208291
  1456.96712090	    -0.00855303
  1457.46218277	    -0.00495540
  1457.95724465	    -0.00132918
  1458.45230654	     0.00229202
  1458.94736842	     0.00587958
  1459.44243030	     0.00940863
  1459.93749218	     0.01285657
  1460.43255407	     0.01620147
  1460.92761595	     0.01942077
  1461.42267784	     0.02249054
  1461.91773971	     0.02538541
  1462.41280160	     0.02807930
  1462.90786348	     0.03054694
  1463.40292537	     0.03276598
  1463.89798724	     0.03471943
  1464.39304913	     0.03639804
  1464.88811101	     0.03780212
  1465.38317290	     0.03894244
  1465.87823478	     0.03984007
  1466.37329666	     0.04052509
  1466.86835854	     0.04103446
  1467.36342043	     0.04140956
  1467.85848231	     0.04169359
  1468.35354419	     0.04192961
  1468.84860607	     0.04215909
  1469.34366796	     0.04242126
  1469.83872984	     0.04275323
  1470.33379173	     0.04319064
  1470.82885360	     0.04376871
  1471.32391549	     0.04452351
  1471.81897737	     0.04549324
  1472.31403926	     0.04671931
  1472.80910114	     0.04824707
  1473.30416302	     0.05012605
  1473.79922490	     0.05240936
  1474.29428679	     0.05515246
  1474.78934867	     0.05841086
  1475.28441055	     0.06223721
  1475.77947243	     0.06667783
  1476.27453432	     0.07176928
  1476.76959620	     0.07753549
  1477.26465809	     0.08398600
  1477.75971996	     0.09111581
  1478.25478185	     0.09890713
  1478.74984373	     0.10733241
  1479.24490562	     0.11635833
  1479.73996749	     0.12594915
  1480.23502938	     0.13606818
  1480.73009126	     0.14667588
  1481.22515315	     0.15772348
  1481.72021503	     0.16914221
  1482.21527691	     0.18082918
  1482.71033879	     0.19263256
  1483.20540068	     0.20433993
  1483.70046256	     0.21567383
  1484.19552444	     0.22629797
  1484.69058632	     0.23583538
  1485.18564821	     0.24389703
  1485.68071009	     0.25011658
  1486.17577198	     0.25418493
  1486.67083385	     0.25587830
  1487.16589574	     0.25507513
  1487.66095762	     0.25175980
  1488.15601951	     0.24601461
  1488.65108139	     0.23800311
  1489.14614327	     0.22794924
  1489.64120515	     0.21611610
  1490.13626703	     0.20278721
  1490.63132892	     0.18825177
  1491.12639079	     0.17279398
  1491.62145268	     0.15668605
  1492.11651456	     0.14018412
  1492.61157645	     0.12352628
  1493.10663833	     0.10693210
  1493.60170021	     0.09060325
  1494.09676209	     0.07472503
  1494.59182398	     0.05946785
  1495.08688586	     0.04498857
  1495.58194774	     0.03143065
  1496.07700962	     0.01892300
  1496.57207151	     0.00757718
  1497.06713339	    -0.00251649
  1497.56219528	    -0.01129353
  1498.05725715	    -0.01871978
  1498.55231904	    -0.02479464
  1499.04738092	    -0.02955264
  1499.54244281	    -0.03306239
  1500.03750468	    -0.03542295
  1500.53256657	    -0.03675768
  1501.02762845	    -0.03720644
  1501.52269034	    -0.03691689
  1502.01775222	    -0.03603615
  1502.51281410	    -0.03470375
  1503.00787598	    -0.03304624
  1503.50293787	    -0.03117385
  1503.99799975	    -0.02917911
  1504.49306164	    -0.02713688
  1504.98812351	    -0.02510556
  1505.48318540	    -0.02312896
  1505.97824728	    -0.02123850
  1506.47330917	    -0.01945539
  1506.96837104	    -0.01779273
  1507.46343293	    -0.01625736
  1507.95849481	    -0.01485144
  1508.45355670	    -0.01357369
  1508.94861858	    -0.01242047
  1509.44368046	    -0.01138655
  1509.93874234	    -0.01046575
  1510.43380423	    -0.00965133
  1510.92886611	    -0.00893640
  1511.42392799	    -0.00831415
  1511.91898987	    -0.00777789
  1512.41405176	    -0.00732133
  1512.90911364	    -0.00693854
  1513.40417553	    -0.00662401
  1513.89923740	    -0.00637266
  1514.39429929	    -0.00617987
  1514.88936117	    -0.00604145
  1515.38442306	    -0.00595364
  1515.87948493	    -0.00591314
  1516.37454682	    -0.00591708
  1516.86960870	    -0.00596303
  1517.36467059	    -0.00604904
  1517.85973247	    -0.00617373
  1518.35479435	    -0.00633630
  1518.84985623	    -0.00653667
  1519.34491812	    -0.00677565
  1519.83998000	    -0.00705513
  1520.33504189	    -0.00737840
  1520.83010376	    -0.00775051
  1521.32516564	    -0.00817874
  1521.82022753	    -0.00867325
  1522.31528941	    -0.00924783
  1522.81035129	    -0.00992083
  1523.30541317	    -0.01071624
  1523.80047506	    -0.01166495
  1524.29553694	    -0.01280599
  1524.79059883	    -0.01418779
  1525.28566070	    -0.01586910
  1525.78072259	    -0.01791952
  1526.27578447	    -0.02041884
  1526.77084636	    -0.02345515
  1527.26590823	    -0.02712105
  1527.76097012	    -0.03150745
  1528.25603200	    -0.03669517
  1528.75109389	    -0.04274426
  1529.24615577	    -0.04968219
  1529.74121765	    -0.05749198
  1530.23627953	    -0.06610211
  1530.73134142	    -0.07538000
  1531.22640330	    -0.08513059
  1531.72146518	    -0.09510100
  1532.21652706	    -0.10499161
  1532.71158895	    -0.11447316
  1533.20665083	    -0.12320865
  1533.70171272	    -0.13087824
  1534.19677459	    -0.13720446
  1534.69183648	    -0.14197459
  1535.18689836	    -0.14505713
  1535.68196025	    -0.14640988
  1536.17702213	    -0.14607826
  1536.67208401	    -0.14418478
  1537.16714589	    -0.14091154
  1537.66220778	    -0.13647926
  1538.15726966	    -0.13112600
  1538.65233154	    -0.12508846
  1539.14739342	    -0.11858752
  1539.64245531	    -0.11181865
  1540.13751719	    -0.10494691
  1540.63257908	    -0.09810567
  1541.12764095	    -0.09139803
  1541.62270284	    -0.08489992
  1542.11776472	    -0.07866399
  1542.61282661	    -0.07272377
  1543.10788848	    -0.06709753
  1543.60295037	    -0.06179189
  1544.09801225	    -0.05680472
  1544.59307414	    -0.05212762
  1545.08813602	    -0.04774793
  1545.58319790	    -0.04365020
  1546.07825978	    -0.03981736
  1546.57332167	    -0.03623159
  1547.06838355	    -0.03287492
  1547.56344543	    -0.02972970
  1548.05850731	    -0.02677883
  1548.55356920	    -0.02400603
  1549.04863108	    -0.02139587
  1549.54369297	    -0.01893387
  1550.03875484	    -0.01660650
  1550.53381673	    -0.01440112
  1551.02887861	    -0.01230600
  1551.52394050	    -0.01031025
  1552.01900238	    -0.00840376
  1552.51406425	    -0.00657713
  1553.00912614	    -0.00482161
  1553.50418802	    -0.00312906
  1553.99924991	    -0.00149188
  1554.49431178	     0.00009704
  1554.98937367	     0.00164441
  1555.48443555	     0.00315656
  1555.97949744	     0.00463947
  1556.47455932	     0.00609886
  1556.96962120	     0.00754023
  1557.46468308	     0.00896883
  1557.95974497	     0.01038980
  1558.45480685	     0.01180815
  1558.94986873	     0.01322880
  1559.44493061	     0.01465665
  1559.93999250	     0.01609656
  1560.43505438	     0.01755342
  1560.93011627	     0.01903220
  1561.42517814	     0.02053793
  1561.92024003	     0.02207580
  1562.41530191	     0.02365114
  1562.91036380	     0.02526954
  1563.40542567	     0.02693675
  1563.90048756	     0.02865888
  1564.39554944	     0.03044236
  1564.89061133	     0.03229397
  1565.38567321	     0.03422097
  1565.88073509	     0.03623106
  1566.37579697	     0.03833254
  1566.87085886	     0.04053430
  1567.36592074	     0.04284593
  1567.86098263	     0.04527776
  1568.35604450	     0.04784099
  1568.85110639	     0.05054775
  1569.34616827	     0.05341119
  1569.84123016	     0.05644561
  1570.33629203	     0.05966652
  1570.83135392	     0.06309082
  1571.32641580	     0.06673681
  1571.82147769	     0.07062443
  1572.31653957	     0.07477529
  1572.81160145	     0.07921274
  1573.30666333	     0.08396206
  1573.80172522	     0.08905037
  1574.29678710	     0.09450675
  1574.79184898	     0.10036212
  1575.28691086	     0.10664904
  1575.78197275	     0.11340150
  1576.27703463	     0.12065436
  1576.77209652	     0.12844268
  1577.26715839	     0.13680065
  1577.76222028	     0.14576017
  1578.25728216	     0.15534894
  1578.75234405	     0.16558786
  1579.24740593	     0.17648781
  1579.74246781	     0.18804553
  1580.23752969	     0.20023880
  1580.73259158	     0.21302067
  1581.22765346	     0.22631319
  1581.72271534	     0.24000103
  1582.21777722	     0.25392556
  1582.71283911	     0.26788041
  1583.20790099	     0.28160999
  1583.70296288	     0.29481220
  1584.19802475	     0.30714674
  1584.69308663	     0.31824992
  1585.18814852	     0.32775576
  1585.68321040	     0.33532192
  1586.17827228	     0.34065760
  1586.67333416	     0.34354953
  1587.16839605	     0.34388182
  1587.66345793	     0.34164649
  1588.15851982	     0.33694294
  1588.65358169	     0.32996682
  1589.14864358	     0.32099063
  1589.64370546	     0.31033932
  1590.13876735	     0.29836476
  1590.63382922	     0.28542186
  1591.12889111	     0.27184889
  1591.62395299	     0.25795282
  1592.11901488	     0.24400012
  1592.61407676	     0.23021227
  1593.10913864	     0.21676529
  1593.60420052	     0.20379206
  1594.09926241	     0.19138658
  1594.59432429	     0.17960926
  1595.08938618	     0.16849262
  1595.58444805	     0.15804687
  1596.07950994	     0.14826515
  1596.57457182	     0.13912818
  1597.06963371	     0.13060811
  1597.56469558	     0.12267162
  1598.05975747	     0.11528245
  1598.55481935	     0.10840308
  1599.04988124	     0.10199610
  1599.54494312	     0.09602501
  1600.04000500	     0.09045481
  1600.53506688	     0.08525232
  1601.03012877	     0.08038627
  1601.52519065	     0.07582745
  1602.02025253	     0.07154860
  1602.51531441	     0.06752434
  1603.01037630	     0.06373109
  1603.50543818	     0.06014688
  1604.00050007	     0.05675131
  1604.49556194	     0.05352533
  1604.99062383	     0.05045115
  1605.48568571	     0.04751209
  1605.98074760	     0.04469251
  1606.47580947	     0.04197767
  1606.97087136	     0.03935367
  1607.46593324	     0.03680739
  1607.96099513	     0.03432643
  1608.45605701	     0.03189913
  1608.95111889	     0.02951456
  1609.44618077	     0.02716260
  1609.94124266	     0.02483402
  1610.43630454	     0.02252067
  1610.93136643	     0.02021564
  1611.42642830	     0.01791353
  1611.92149019	     0.01561074
  1612.41655207	     0.01330581
  1612.91161396	     0.01099972
  1613.40667583	     0.00869626
  1613.90173772	     0.00640216
  1614.39679960	     0.00412722
  1614.89186149	     0.00188420
  1615.38692337	    -0.00031168
  1615.88198524	    -0.00244331
  1616.37704713	    -0.00449270
  1616.87210901	    -0.00644203
  1617.36717090	    -0.00827473
  1617.86223277	    -0.00997618
  1618.35729466	    -0.01153401
  1618.85235654	    -0.01293776
  1619.34741843	    -0.01417790
  1619.84248031	    -0.01524463
  1620.33754219	    -0.01612647
  1620.83260407	    -0.01680950
  1621.32766596	    -0.01727732
  1621.82272784	    -0.01751186
  1622.31778972	    -0.01749530
  1622.81285160	    -0.01721246
  1623.30791349	    -0.01665316
  1623.80297537	    -0.01581420
  1624.29803726	    -0.01470038
  1624.79309913	    -0.01332437
  1625.28816102	    -0.01170569
  1625.78322290	    -0.00986890
  1626.27828479	    -0.00784160
  1626.77334667	    -0.00565238
  1627.26840855	    -0.00332913
  1627.76347043	    -0.00089763
  1628.25853232	     0.00161934
  1628.75359420	     0.00420278
  1629.24865608	     0.00683771
  1629.74371796	     0.00951340
  1630.23877985	     0.01222328
  1630.73384173	     0.01496474
  1631.22890362	     0.01773890
  1631.72396549	     0.02055015
  1632.21902738	     0.02340588
  1632.71408926	     0.02631599
  1633.20915115	     0.02929254
  1633.70421302	     0.03234950
  1634.19927491	     0.03550232
  1634.69433679	     0.03876779
  1635.18939868	     0.04216365
  1635.68446056	     0.04570840
  1636.17952244	     0.04942094
  1636.67458432	     0.05332022
  1637.16964621	     0.05742470
  1637.66470809	     0.06175177
  1638.15976997	     0.06631688
  1638.65483185	     0.07113248
  1639.14989374	     0.07620670
  1639.64495562	     0.08154162
  1640.14001751	     0.08713130
  1640.63507938	     0.09295950
  1641.13014127	     0.09899713
  1641.62520315	     0.10519968
  1642.12026504	     0.11150498
  1642.61532692	     0.11783139
  1643.11038880	     0.12407731
  1643.60545068	     0.13012209
  1644.10051257	     0.13582924
  1644.59557445	     0.14105175
  1645.09063633	     0.14563982
  1645.58569821	     0.14945019
  1646.08076010	     0.15235633
  1646.57582198	     0.15425822
  1647.07088387	     0.15509043
  1647.56594574	     0.15482746
  1648.06100762	     0.15348565
  1648.55606951	     0.15112152
  1649.05113139	     0.14782681
  1649.54619327	     0.14372096
  1650.04125515	     0.13894199
  1650.53631704	     0.13363684
  1651.03137892	     0.12795243
  1651.52644081	     0.12202790
  1652.02150268	     0.11598893
  1652.51656457	     0.10994401
  1653.01162645	     0.10398283
  1653.50668834	     0.09817620
  1654.00175021	     0.09257722
  1654.49681210	     0.08722323
  1654.99187398	     0.08213813
  1655.48693587	     0.07733484
  1655.98199775	     0.07281755
  1656.47705963	     0.06858388
  1656.97212151	     0.06462654
  1657.46718340	     0.06093489
  1657.96224528	     0.05749609
  1658.45730717	     0.05429595
  1658.95236904	     0.05131969
  1659.44743093	     0.04855243
  1659.94249281	     0.04597954
  1660.43755470	     0.04358687
  1660.93261657	     0.04136099
  1661.42767846	     0.03928918
  1661.92274034	     0.03735954
  1662.41780223	     0.03556102
  1662.91286411	     0.03388336
  1663.40792599	     0.03231710
  1663.90298787	     0.03085352
  1664.39804976	     0.02948460
  1664.89311164	     0.02820301
  1665.38817352	     0.02700200
  1665.88323540	     0.02587541
  1666.37829729	     0.02481758
  1666.87335917	     0.02382334
  1667.36842106	     0.02288796
  1667.86348293	     0.02200710
  1668.35854482	     0.02117678
  1668.85360670	     0.02039336
  1669.34866859	     0.01965351
  1669.84373046	     0.01895416
  1670.33879235	     0.01829249
  1670.83385423	     0.01766592
  1671.32891612	     0.01707207
  1671.82397800	     0.01650875
  1672.31903988	     0.01597395
  1672.81410176	     0.01546580
  1673.30916365	     0.01498260
  1673.80422553	     0.01452275
  1674.29928742	     0.01408480
  1674.79434929	     0.01366738
  1675.28941118	     0.01326924
  1675.78447306	     0.01288923
  1676.27953495	     0.01252626
  1676.77459682	     0.01217933
  1677.26965871	     0.01184751
  1677.76472059	     0.01152993
  1678.25978248	     0.01122581
  1678.75484436	     0.01093436
  1679.24990624	     0.01065491
  1679.74496812	     0.01038679
  1680.24003000	     0.01012940
  1680.73509189	     0.00988216
  1681.23015376	     0.00964455
  1681.72521565	     0.00941607
  1682.22027753	     0.00919625
  1682.71533942	     0.00898464
  1683.21040130	     0.00878086
  1683.70546318	     0.00858448
  1684.20052506	     0.00839517
  1684.69558695	     0.00821259
  1685.19064883	     0.00803641
  1685.68571071	     0.00786633
  1686.18077259	     0.00770206
  1686.67583448	     0.00754334
  1687.17089636	     0.00738991
  1687.66595825	     0.00724154
  1688.16102012	     0.00709800
  1688.65608201	     0.00695908
  1689.15114389	     0.00682458
  1689.64620578	     0.00669430
  1690.14126766	     0.00656807
  1690.63632954	     0.00644571
  1691.13139142	     0.00632707
  1691.62645331	     0.00621199
  1692.12151519	     0.00610033
  1692.61657707	     0.00599194
  1693.11163895	     0.00588670
  1693.60670084	     0.00578448
  1694.10176272	     0.00568515
  1694.59682461	     0.00558863
  1695.09188648	     0.00549478
  1695.58694837	     0.00540353
  1696.08201025	     0.00531474
  1696.57707214	     0.00522836
  1697.07213401	     0.00514427
  1697.56719590	     0.00506240
  1698.06225778	     0.00498268
  1698.55731967	     0.00490500
  1699.05238155	     0.00482932
  1699.54744343	     0.00475556
  1700.04250531	     0.00468366
  1700.53756720	     0.00461353
  1701.03262908	     0.00454513
  1701.52769096	     0.00447840
  1702.02275284	     0.00441329
  1702.51781473	     0.00434972
  1703.01287661	     0.00428767
  1703.50793850	     0.00422707
  1704.00300037	     0.00416788
  1704.49806226	     0.00411006
  1704.99312414	     0.00405356
  1705.48818603	     0.00399833
  1705.98324791	     0.00394435
  1706.47830979	     0.00389156
  1706.97337167	     0.00383994
  1707.46843356	     0.00378944
  1707.96349544	     0.00374005
  1708.45855732	     0.00369171
  1708.95361920	     0.00364440
  1709.44868109	     0.00359809
  1709.94374297	     0.00355274
  1710.43880485	     0.00350834
  1710.93386673	     0.00346486
  1711.42892861	     0.00342226
  1711.92399050	     0.00338052
  1712.41905238	     0.00333962
  1712.91411426	     0.00329953
  1713.40917614	     0.00326024
  1713.90423803	     0.00322172
  1714.39929991	     0.00318395
  1714.89436180	     0.00314691
  1715.38942367	     0.00311058
  1715.88448556	     0.00307494
  1716.37954744	     0.00303997
  1716.87460933	     0.00300565
  1717.36967120	     0.00297198
  1717.86473309	     0.00293891
  1718.35979497	     0.00290647
  1718.85485686	     0.00287460
  1719.34991874	     0.00284331
  1719.84498062	     0.00281259
  1720.34004250	     0.00278241
  1720.83510439	     0.00275276
  1721.33016627	     0.00272363
  1721.82522816	     0.00269501
  1722.32029003	     0.00266687
  1722.81535192	     0.00263923
  1723.31041380	     0.00261206
  1723.80547569	     0.00258534
  1724.30053756	     0.00255908
  1724.79559945	     0.00253325
  1725.29066133	     0.00250784
  1725.78572322	     0.00248286
  1726.28078510	     0.00245828
  1726.77584698	     0.00243411
  1727.27090886	     0.00241033
  1727.76597075	     0.00238693
  1728.26103263	     0.00236389
  1728.75609451	     0.00234122
  1729.25115639	     0.00231891
  1729.74621828	     0.00229695
  1730.24128016	     0.00227534
  1730.73634205	     0.00225405
  1731.23140392	     0.00223308
  1731.72646581	     0.00221244
  1732.22152769	     0.00219211
  1732.71658958	     0.00217208
