   950.11876485	    -0.00187730
   950.61882735	    -0.00038171
   951.11888986	     0.00096661
   951.61895237	     0.00219394
   952.11901488	     0.00332515
   952.61907738	     0.00438277
   953.11913989	     0.00538648
   953.61920240	     0.00635304
   954.11926491	     0.00729637
   954.61932742	     0.00822783
   955.11938992	     0.00915661
   955.61945243	     0.01009012
   956.11951494	     0.01103438
   956.61957745	     0.01199441
   957.11963996	     0.01297447
   957.61970246	     0.01397839
   958.11976497	     0.01500972
   958.61982748	     0.01607185
   959.11988999	     0.01716811
   959.61995249	     0.01830184
   960.12001500	     0.01947631
   960.62007751	     0.02069481
   961.12014002	     0.02196051
   961.62020252	     0.02327650
   962.12026503	     0.02464577
   962.62032754	     0.02607115
   963.12039005	     0.02755538
   963.62045256	     0.02910105
   964.12051506	     0.03071068
   964.62057757	     0.03238662
   965.12064008	     0.03413111
   965.62070259	     0.03594622
   966.12076510	     0.03783381
   966.62082760	     0.03979554
   967.12089011	     0.04183280
   967.62095262	     0.04394675
   968.12101513	     0.04613836
   968.62107764	     0.04840849
   969.12114014	     0.05075802
   969.62120265	     0.05318818
   970.12126516	     0.05570098
   970.62132767	     0.05829986
   971.12139017	     0.06099059
   971.62145268	     0.06378237
   972.12151519	     0.06668884
   972.62157770	     0.06972890
   973.12164020	     0.07292689
   973.62170271	     0.07631166
   974.12176522	     0.07991452
   974.62182773	     0.08376592
   975.12189024	     0.08789130
   975.62195274	     0.09230690
   976.12201525	     0.09701648
   976.62207776	     0.10200966
   977.12214027	     0.10726272
   977.62220278	     0.11274163
   978.12226528	     0.11840699
   978.62232779	     0.12421984
   979.12239030	     0.13014723
   979.62245281	     0.13616641
   980.12251531	     0.14226697
   980.62257782	     0.14845055
   981.12264033	     0.15472852
   981.62270284	     0.16111803
   982.12276535	     0.16763729
   982.62282785	     0.17430079
   983.12289036	     0.18111490
   983.62295287	     0.18807423
   984.12301538	     0.19515879
   984.62307789	     0.20233209
   985.12314039	     0.20954016
   985.62320290	     0.21671157
   986.12326541	     0.22375865
   986.62332792	     0.23058001
   987.12339042	     0.23706450
   987.62345293	     0.24309657
   988.12351544	     0.24856278
   988.62357795	     0.25335898
   989.12364045	     0.25739765
   989.62370296	     0.26061448
   990.12376547	     0.26297377
   990.62382798	     0.26447175
   991.12389049	     0.26513750
   991.62395299	     0.26503099
   992.12401550	     0.26423841
   992.62407801	     0.26286498
   993.12414052	     0.26102628
   993.62420303	     0.25883927
   994.12426553	     0.25641410
   994.62432804	     0.25384799
   995.12439055	     0.25122162
   995.62445306	     0.24859805
   996.12451556	     0.24602376
   996.62457807	     0.24353113
   997.12464058	     0.24114128
   997.62470309	     0.23886704
   998.12476560	     0.23671530
   998.62482810	     0.23468923
   999.12489061	     0.23279013
   999.62495312	     0.23101955
  1000.12501563	     0.22938167
  1000.62507813	     0.22788586
  1001.12514064	     0.22654925
  1001.62520315	     0.22539879
  1002.12526566	     0.22447243
  1002.62532817	     0.22381913
  1003.12539067	     0.22349767
  1003.62545318	     0.22357450
  1004.12551569	     0.22412108
  1004.62557820	     0.22521115
  1005.12564071	     0.22691845
  1005.62570321	     0.22931500
  1006.12576572	     0.23247023
  1006.62582823	     0.23645074
  1007.12589074	     0.24132049
  1007.62595324	     0.24714135
  1008.12601575	     0.25397372
  1008.62607826	     0.26187689
  1009.12614077	     0.27090913
  1009.62620328	     0.28112730
  1010.12626578	     0.29258580
  1010.62632829	     0.30533476
  1011.12639080	     0.31941740
  1011.62645331	     0.33486634
  1012.12651581	     0.35169888
  1012.62657832	     0.36991086
  1013.12664083	     0.38946936
  1013.62670334	     0.41030370
  1014.12676585	     0.43229519
  1014.62682835	     0.45526557
  1015.12689086	     0.47896480
  1015.62695337	     0.50305935
  1016.12701588	     0.52712242
  1016.62707838	     0.55062871
  1017.12714089	     0.57295636
  1017.62720340	     0.59339925
  1018.12726591	     0.61119206
  1018.62732842	     0.62554911
  1019.12739092	     0.63571562
  1019.62745343	     0.64102695
  1020.12751594	     0.64096846
  1020.62757845	     0.63522702
  1021.12764096	     0.62372515
  1021.62770346	     0.60663180
  1022.12776597	     0.58434758
  1022.62782848	     0.55746793
  1023.12789099	     0.52673118
  1023.62795349	     0.49296062
  1024.12801600	     0.45700881
  1024.62807851	     0.41971014
  1025.12814102	     0.38184391
  1025.62820353	     0.34410790
  1026.12826603	     0.30710032
  1026.62832854	     0.27130822
  1027.12839105	     0.23710108
  1027.62845356	     0.20472927
  1028.12851606	     0.17432802
  1028.62857857	     0.14592719
  1029.12864108	     0.11946648
  1029.62870359	     0.09481467
  1030.12876610	     0.07179067
  1030.62882860	     0.05018381
  1031.12889111	     0.02977125
  1031.62895362	     0.01033124
  1032.12901613	    -0.00834845
  1032.62907863	    -0.02646626
  1033.12914114	    -0.04420593
  1033.62920365	    -0.06173749
  1034.12926616	    -0.07921875
  1034.62932867	    -0.09679613
  1035.12939117	    -0.11460399
  1035.62945368	    -0.13276199
  1036.12951619	    -0.15137057
  1036.62957870	    -0.17050471
  1037.12964121	    -0.19020661
  1037.62970371	    -0.21047776
  1038.12976622	    -0.23127105
  1038.62982873	    -0.25248366
  1039.12989124	    -0.27395141
  1039.62995374	    -0.29544540
  1040.13001625	    -0.31667160
  1040.63007876	    -0.33727409
  1041.13014127	    -0.35684220
  1041.63020378	    -0.37492185
  1042.13026628	    -0.39103122
  1042.63032879	    -0.40468063
  1043.13039130	    -0.41539644
  1043.63045381	    -0.42274797
  1044.13051631	    -0.42637578
  1044.63057882	    -0.42601819
  1045.13064133	    -0.42153229
  1045.63070384	    -0.41290526
  1046.13076635	    -0.40025290
  1046.63082885	    -0.38380439
  1047.13089136	    -0.36387475
  1047.63095387	    -0.34082914
  1048.13101638	    -0.31504475
  1048.63107888	    -0.28687581
  1049.13114139	    -0.25662668
  1049.63120390	    -0.22453570
  1050.13126641	    -0.19077043
  1050.63132892	    -0.15543325
  1051.13139142	    -0.11857457
  1051.63145393	    -0.08021067
  1052.13151644	    -0.04034255
  1052.63157895	     0.00102708
  1053.13164146	     0.04388060
  1053.63170396	     0.08817725
  1054.13176647	     0.13384932
  1054.63182898	     0.18080201
  1055.13189149	     0.22891512
  1055.63195399	     0.27804515
  1056.13201650	     0.32802669
  1056.63207901	     0.37867244
  1057.13214152	     0.42977205
  1057.63220403	     0.48109016
  1058.13226653	     0.53236422
  1058.63232904	     0.58330213
  1059.13239155	     0.63357946
  1059.63245406	     0.68283516
  1060.13251656	     0.73066494
  1060.63257907	     0.77661209
  1061.13264158	     0.82015676
  1061.63270409	     0.86070652
  1062.13276660	     0.89759198
  1062.63282910	     0.93007190
  1063.13289161	     0.95735127
  1063.63295412	     0.97861377
  1064.13301663	     0.99306751
  1064.63307913	     1.00000000
  1065.13314164	     0.99883638
  1065.63320415	     0.98919403
  1066.13326666	     0.97092740
  1066.63332917	     0.94415823
  1067.13339167	     0.90928825
  1067.63345418	     0.86699341
  1068.13351669	     0.81819976
  1068.63357920	     0.76404305
  1069.13364171	     0.70581505
  1069.63370421	     0.64490127
  1070.13376672	     0.58271502
  1070.63382923	     0.52063305
  1071.13389174	     0.45993689
  1071.63395424	     0.40176292
  1072.13401675	     0.34706307
  1072.63407926	     0.29657742
  1073.13414177	     0.25081968
  1073.63420428	     0.21007582
  1074.13426678	     0.17441593
  1074.63432929	     0.14371796
  1075.13439180	     0.11770110
  1075.63445431	     0.09596548
  1076.13451681	     0.07803409
  1076.63457932	     0.06339309
  1077.13464183	     0.05152696
  1077.63470434	     0.04194638
  1078.13476685	     0.03420754
  1078.63482935	     0.02792331
  1079.13489186	     0.02276728
  1079.63495437	     0.01847213
  1080.13501688	     0.01482436
  1080.63507938	     0.01165684
  1081.13514189	     0.00884067
  1081.63520440	     0.00627742
  1082.13526691	     0.00389232
  1082.63532942	     0.00162874
  1083.13539192	    -0.00055616
  1083.63545443	    -0.00269482
  1084.13551694	    -0.00481215
  1084.63557945	    -0.00692800
  1085.13564196	    -0.00905954
  1085.63570446	    -0.01122341
  1086.13576697	    -0.01343754
  1086.63582948	    -0.01572249
  1087.13589199	    -0.01810207
  1087.63595449	    -0.02060345
  1088.13601700	    -0.02325665
  1088.63607951	    -0.02609378
  1089.13614202	    -0.02914822
  1089.63620453	    -0.03245390
  1090.13626703	    -0.03604477
  1090.63632954	    -0.03995458
  1091.13639205	    -0.04421680
  1091.63645456	    -0.04886472
  1092.13651706	    -0.05393160
  1092.63657957	    -0.05945073
  1093.13664208	    -0.06545542
  1093.63670459	    -0.07197869
  1094.13676710	    -0.07905271
  1094.63682960	    -0.08670783
  1095.13689211	    -0.09497101
  1095.63695462	    -0.10386367
  1096.13701713	    -0.11339874
  1096.63707963	    -0.12357672
  1097.13714214	    -0.13438064
  1097.63720465	    -0.14576986
  1098.13726716	    -0.15767247
  1098.63732967	    -0.16997666
  1099.13739217	    -0.18252111
  1099.63745468	    -0.19508527
  1100.13751719	    -0.20738055
  1100.63757970	    -0.21904398
  1101.13764221	    -0.22963668
  1101.63770471	    -0.23864945
  1102.13776722	    -0.24551796
  1102.63782973	    -0.24964943
  1103.13789224	    -0.25046105
  1103.63795474	    -0.24742829
  1104.13801725	    -0.24013874
  1104.63807976	    -0.22834455
  1105.13814227	    -0.21200559
  1105.63820478	    -0.19131558
  1106.13826728	    -0.16670580
  1106.63832979	    -0.13882478
  1107.13839230	    -0.10849583
  1107.63845481	    -0.07665799
  1108.13851731	    -0.04429751
  1108.63857982	    -0.01237785
  1109.13864233	     0.01822452
  1109.63870484	     0.04677241
  1110.13876735	     0.07270369
  1110.63882985	     0.09564836
  1111.13889236	     0.11542697
  1111.63895487	     0.13203288
  1112.13901738	     0.14560254
  1112.63907988	     0.15637908
  1113.13914239	     0.16467406
  1113.63920490	     0.17083153
  1114.13926741	     0.17519730
  1114.63932992	     0.17809497
  1115.13939242	     0.17980953
  1115.63945493	     0.18057861
  1116.13951744	     0.18059076
  1116.63957995	     0.17998992
  1117.13964246	     0.17888448
  1117.63970496	     0.17735921
  1118.13976747	     0.17548767
  1118.63982998	     0.17334311
  1119.13989249	     0.17100623
  1119.63995499	     0.16856866
  1120.14001750	     0.16613215
  1120.64008001	     0.16380407
  1121.14014252	     0.16169033
  1121.64020503	     0.15988704
  1122.14026753	     0.15847235
  1122.64033004	     0.15749934
  1123.14039255	     0.15699121
  1123.64045506	     0.15693921
  1124.14051756	     0.15730403
  1124.64058007	     0.15802057
  1125.14064258	     0.15900582
  1125.64070509	     0.16016879
  1126.14076760	     0.16142100
  1126.64083010	     0.16268596
  1127.14089261	     0.16390609
  1127.64095512	     0.16504612
  1128.14101763	     0.16609271
  1128.64108014	     0.16705081
  1129.14114264	     0.16793766
  1129.64120515	     0.16877551
  1130.14126766	     0.16958448
  1130.64133017	     0.17037621
  1131.14139267	     0.17114947
  1131.64145518	     0.17188797
  1132.14151769	     0.17256098
  1132.64158020	     0.17312665
  1133.14164271	     0.17353775
  1133.64170521	     0.17374923
  1134.14176772	     0.17372634
  1134.64183023	     0.17345202
  1135.14189274	     0.17293225
  1135.64195524	     0.17219819
  1136.14201775	     0.17130475
  1136.64208026	     0.17032578
  1137.14214277	     0.16934682
  1137.64220528	     0.16845641
  1138.14226778	     0.16773728
  1138.64233029	     0.16725804
  1139.14239280	     0.16706616
  1139.64245531	     0.16718205
  1140.14251781	     0.16759445
  1140.64258032	     0.16825686
  1141.14264283	     0.16908519
  1141.64270534	     0.16995685
  1142.14276785	     0.17071197
  1142.64283035	     0.17115733
  1143.14289286	     0.17107419
  1143.64295537	     0.17023025
  1144.14301788	     0.16839603
  1144.64308039	     0.16536457
  1145.14314289	     0.16097259
  1145.64320540	     0.15512025
  1146.14326791	     0.14778615
  1146.64333042	     0.13903504
  1147.14339292	     0.12901632
  1147.64345543	     0.11795360
  1148.14351794	     0.10612686
  1148.64358045	     0.09384995
  1149.14364296	     0.08144679
  1149.64370546	     0.06922923
  1150.14376797	     0.05747898
  1150.64383048	     0.04643527
  1151.14389299	     0.03628861
  1151.64395549	     0.02718034
  1152.14401800	     0.01920662
  1152.64408051	     0.01242501
  1153.14414302	     0.00686141
  1153.64420553	     0.00251571
  1154.14426803	    -0.00063510
  1154.64433054	    -0.00263661
  1155.14439305	    -0.00355878
  1155.64445556	    -0.00349857
  1156.14451806	    -0.00258182
  1156.64458057	    -0.00096310
  1157.14464308	     0.00117745
  1157.64470559	     0.00364032
  1158.14476810	     0.00621559
  1158.64483060	     0.00869379
  1159.14489311	     0.01087754
  1159.64495562	     0.01259293
  1160.14501813	     0.01369936
  1160.64508064	     0.01409679
  1161.14514314	     0.01372952
  1161.64520565	     0.01258613
  1162.14526816	     0.01069552
  1162.64533067	     0.00811991
  1163.14539317	     0.00494582
  1163.64545568	     0.00127442
  1164.14551819	    -0.00278768
  1164.64558070	    -0.00713636
  1165.14564321	    -0.01167634
  1165.64570571	    -0.01632592
  1166.14576822	    -0.02102047
  1166.64583073	    -0.02571488
  1167.14589324	    -0.03038523
  1167.64595574	    -0.03502968
  1168.14601825	    -0.03966841
  1168.64608076	    -0.04434235
  1169.14614327	    -0.04911042
  1169.64620578	    -0.05404518
  1170.14626828	    -0.05922677
  1170.64633079	    -0.06473568
  1171.14639330	    -0.07064479
  1171.64645581	    -0.07701165
  1172.14651831	    -0.08387214
  1172.64658082	    -0.09123665
  1173.14664333	    -0.09908963
  1173.64670584	    -0.10739304
  1174.14676835	    -0.11609316
  1174.64683085	    -0.12512991
  1175.14689336	    -0.13444697
  1175.64695587	    -0.14400094
  1176.14701838	    -0.15376820
  1176.64708089	    -0.16374844
  1177.14714339	    -0.17396479
  1177.64720590	    -0.18446105
  1178.14726841	    -0.19529681
  1178.64733092	    -0.20654152
  1179.14739342	    -0.21826833
  1179.64745593	    -0.23054827
  1180.14751844	    -0.24344509
  1180.64758095	    -0.25701083
  1181.14764346	    -0.27128191
  1181.64770596	    -0.28627586
  1182.14776847	    -0.30198845
  1182.64783098	    -0.31839145
  1183.14789349	    -0.33543128
  1183.64795599	    -0.35302916
  1184.14801850	    -0.37108324
  1184.64808101	    -0.38947355
  1185.14814352	    -0.40806993
  1185.64820603	    -0.42674295
  1186.14826853	    -0.44537668
  1186.64833104	    -0.46388176
  1187.14839355	    -0.48220623
  1187.64845606	    -0.50034169
  1188.14851856	    -0.51832274
  1188.64858107	    -0.53621899
  1189.14864358	    -0.55411995
  1189.64870609	    -0.57211505
  1190.14876860	    -0.59027151
  1190.64883110	    -0.60861347
  1191.14889361	    -0.62710564
  1191.64895612	    -0.64564416
  1192.14901863	    -0.66405688
  1192.64908114	    -0.68211420
  1193.14914364	    -0.69955062
  1193.64920615	    -0.71609525
  1194.14926866	    -0.73150824
  1194.64933117	    -0.74561781
  1195.14939367	    -0.75835190
  1195.64945618	    -0.76975874
  1196.14951869	    -0.78001221
  1196.64958120	    -0.78940088
  1197.14964371	    -0.79830263
  1197.64970621	    -0.80714908
  1198.14976872	    -0.81638520
  1198.64983123	    -0.82642884
  1199.14989374	    -0.83763407
  1199.64995624	    -0.85026033
  1200.15001875	    -0.86444853
  1200.65008126	    -0.88020432
  1201.15014377	    -0.89738874
  1201.65020628	    -0.91571686
  1202.15026878	    -0.93476551
  1202.65033129	    -0.95399162
  1203.15039380	    -0.97276281
  1203.65045631	    -0.99040059
  1204.15051881	    -1.00623482
  1204.65058132	    -1.01966493
  1205.15064383	    -1.03022096
  1205.65070634	    -1.03761527
  1206.15076885	    -1.04177645
  1206.65083135	    -1.04285939
  1207.15089386	    -1.04122998
  1207.65095637	    -1.03742783
  1208.15101888	    -1.03211384
  1208.65108139	    -1.02601073
  1209.15114389	    -1.01984419
  1209.65120640	    -1.01428976
  1210.15126891	    -1.00992847
  1210.65133142	    -1.00721207
  1211.15139392	    -1.00643789
  1211.65145643	    -1.00773239
  1212.15151894	    -1.01104292
  1212.65158145	    -1.01613672
  1213.15164396	    -1.02260681
  1213.65170646	    -1.02988468
  1214.15176897	    -1.03725980
  1214.65183148	    -1.04390678
  1215.15189399	    -1.04892078
  1215.65195649	    -1.05136151
  1216.15201900	    -1.05030519
  1216.65208151	    -1.04490206
  1217.15214402	    -1.03443456
  1217.65220653	    -1.01836946
  1218.15226903	    -0.99639634
  1218.65233154	    -0.96844613
  1219.15239405	    -0.93468681
  1219.65245656	    -0.89549780
  1220.15251906	    -0.85142873
  1220.65258157	    -0.80315028
  1221.15264408	    -0.75140449
  1221.65270659	    -0.69696044
  1222.15276910	    -0.64057827
  1222.65283160	    -0.58298278
  1223.15289411	    -0.52484675
  1223.65295662	    -0.46678297
  1224.15301913	    -0.40934390
  1224.65308164	    -0.35302615
  1225.15314414	    -0.29827676
  1225.65320665	    -0.24549723
  1226.15326916	    -0.19504265
  1226.65333167	    -0.14721488
  1227.15339417	    -0.10225146
  1227.65345668	    -0.06031353
  1228.15351919	    -0.02147700
  1228.65358170	     0.01427003
  1229.15364421	     0.04702207
  1229.65370671	     0.07694446
  1230.15376922	     0.10425710
  1230.65383173	     0.12921694
  1231.15389424	     0.15210131
  1231.65395674	     0.17319361
  1232.15401925	     0.19277133
  1232.65408176	     0.21109588
  1233.15414427	     0.22840334
  1233.65420678	     0.24489606
  1234.15426928	     0.26073500
  1234.65433179	     0.27603382
  1235.15439430	     0.29085547
  1235.65445681	     0.30521216
  1236.15451931	     0.31906914
  1236.65458182	     0.33235254
  1237.15464433	     0.34496105
  1237.65470684	     0.35678097
  1238.15476935	     0.36770383
  1238.65483185	     0.37764510
  1239.15489436	     0.38656200
  1239.65495687	     0.39446779
  1240.15501938	     0.40143986
  1240.65508189	     0.40761955
  1241.15514439	     0.41320311
  1241.65520690	     0.41842471
  1242.15526941	     0.42353403
  1242.65533192	     0.42877171
  1243.15539442	     0.43434598
  1243.65545693	     0.44041328
  1244.15551944	     0.44706446
  1244.65558195	     0.45431732
  1245.15564446	     0.46211559
  1245.65570696	     0.47033395
  1246.15576947	     0.47878857
  1246.65583198	     0.48725262
  1247.15589449	     0.49547617
  1247.65595699	     0.50320912
  1248.15601950	     0.51022537
  1248.65608201	     0.51634578
  1249.15614452	     0.52145694
  1249.65620703	     0.52552347
  1250.15626953	     0.52859224
  1250.65633204	     0.53078866
  1251.15639455	     0.53230626
  1251.65645706	     0.53339153
  1252.15651956	     0.53432618
  1252.65658207	     0.53540853
  1253.15664458	     0.53693523
  1253.65670709	     0.53918413
  1254.15676960	     0.54239879
  1254.65683210	     0.54677507
  1255.15689461	     0.55244999
  1255.65695712	     0.55949300
  1256.15701963	     0.56789979
  1256.65708214	     0.57758873
  1257.15714464	     0.58840050
  1257.65720715	     0.60010112
  1258.15726966	     0.61238906
  1258.65733217	     0.62490632
  1259.15739467	     0.63725318
  1259.65745718	     0.64900503
  1260.15751969	     0.65972962
  1260.65758220	     0.66900235
  1261.15764471	     0.67641849
  1261.65770721	     0.68160207
  1262.15776972	     0.68421332
  1262.65783223	     0.68395685
  1263.15789474	     0.68059318
  1263.65795724	     0.67395413
  1264.15801975	     0.66396052
  1264.65808226	     0.65063855
  1265.15814477	     0.63413022
  1265.65820728	     0.61469416
  1266.15826978	     0.59269540
  1266.65833229	     0.56858536
  1267.15839480	     0.54287535
  1267.65845731	     0.51610789
  1268.15851981	     0.48882967
  1268.65858232	     0.46156878
  1269.15864483	     0.43481722
  1269.65870734	     0.40901848
  1270.15876985	     0.38455921
  1270.65883235	     0.36176389
  1271.15889486	     0.34089140
  1271.65895737	     0.32213305
  1272.15901988	     0.30561147
  1272.65908239	     0.29138025
  1273.15914489	     0.27942400
  1273.65920740	     0.26965861
  1274.15926991	     0.26193155
  1274.65933242	     0.25602251
  1275.15939492	     0.25164508
  1275.65945743	     0.24845054
  1276.15951994	     0.24603533
  1276.65958245	     0.24395304
  1277.15964496	     0.24173099
  1277.65970746	     0.23889061
  1278.15976997	     0.23496939
  1278.65983248	     0.22954247
  1279.15989499	     0.22224158
  1279.65995749	     0.21277044
  1280.16002000	     0.20091584
  1280.66008251	     0.18655414
  1281.16014502	     0.16965268
  1281.66020753	     0.15026519
  1282.16027003	     0.12852083
  1282.66033254	     0.10460702
  1283.16039505	     0.07874781
  1283.66045756	     0.05118080
  1284.16052007	     0.02213609
  1284.66058257	    -0.00817930
  1285.16064508	    -0.03958954
  1285.66070759	    -0.07194957
  1286.16077010	    -0.10513663
  1286.66083260	    -0.13903501
  1287.16089511	    -0.17351589
  1287.66095762	    -0.20841500
  1288.16102013	    -0.24351116
  1288.66108264	    -0.27850979
  1289.16114514	    -0.31303587
  1289.66120765	    -0.34664039
  1290.16127016	    -0.37882249
  1290.66133267	    -0.40906631
  1291.16139517	    -0.43688726
  1291.66145768	    -0.46187876
  1292.16152019	    -0.48374859
  1292.66158270	    -0.50233600
  1293.16164521	    -0.51760547
  1293.66170771	    -0.52961951
  1294.16177022	    -0.53849903
  1294.66183273	    -0.54438271
  1295.16189524	    -0.54739596
  1295.66195774	    -0.54763600
  1296.16202025	    -0.54517461
  1296.66208276	    -0.54007506
  1297.16214527	    -0.53241661
  1297.66220778	    -0.52231927
  1298.16227028	    -0.50996209
  1298.66233279	    -0.49559097
  1299.16239530	    -0.47951441
  1299.66245781	    -0.46208904
  1300.16252032	    -0.44369828
  1300.66258282	    -0.42472859
  1301.16264533	    -0.40554746
  1301.66270784	    -0.38648592
  1302.16277035	    -0.36782688
  1302.66283285	    -0.34979952
  1303.16289536	    -0.33257858
  1303.66295787	    -0.31628725
  1304.16302038	    -0.30100234
  1304.66308289	    -0.28676030
  1305.16314539	    -0.27356337
  1305.66320790	    -0.26138532
  1306.16327041	    -0.25017654
  1306.66333292	    -0.23986851
  1307.16339542	    -0.23037805
  1307.66345793	    -0.22161137
  1308.16352044	    -0.21346847
  1308.66358295	    -0.20584781
  1309.16364546	    -0.19865132
  1309.66370796	    -0.19178952
  1310.16377047	    -0.18518612
  1310.66383298	    -0.17878158
  1311.16389549	    -0.17253518
  1311.66395799	    -0.16642518
  1312.16402050	    -0.16044717
  1312.66408301	    -0.15461092
  1313.16414552	    -0.14893638
  1313.66420803	    -0.14344944
  1314.16427053	    -0.13817811
  1314.66433304	    -0.13314944
  1315.16439555	    -0.12838756
  1315.66445806	    -0.12391266
  1316.16452057	    -0.11974089
  1316.66458307	    -0.11588501
  1317.16464558	    -0.11235544
  1317.66470809	    -0.10916163
  1318.16477060	    -0.10631344
  1318.66483310	    -0.10382231
  1319.16489561	    -0.10170207
  1319.66495812	    -0.09996908
  1320.16502063	    -0.09864158
  1320.66508314	    -0.09773829
  1321.16514564	    -0.09727613
  1321.66520815	    -0.09726768
  1322.16527066	    -0.09771843
  1322.66533317	    -0.09862461
  1323.16539567	    -0.09997164
  1323.66545818	    -0.10173367
  1324.16552069	    -0.10387409
  1324.66558320	    -0.10634699
  1325.16564571	    -0.10909948
  1325.66570821	    -0.11207476
  1326.16577072	    -0.11521582
  1326.66583323	    -0.11846959
  1327.16589574	    -0.12179142
  1327.66595824	    -0.12514937
  1328.16602075	    -0.12852784
  1328.66608326	    -0.13193018
  1329.16614577	    -0.13537974
  1329.66620828	    -0.13891926
  1330.16627078	    -0.14260858
  1330.66633329	    -0.14652099
  1331.16639580	    -0.15073851
  1331.66645831	    -0.15534656
  1332.16652082	    -0.16042832
  1332.66658332	    -0.16605910
  1333.16664583	    -0.17230091
  1333.66670834	    -0.17919755
  1334.16677085	    -0.18677059
  1334.66683335	    -0.19501646
  1335.16689586	    -0.20390517
  1335.66695837	    -0.21338088
  1336.16702088	    -0.22336429
  1336.66708339	    -0.23375679
  1337.16714589	    -0.24444587
  1337.66720840	    -0.25531120
  1338.16727091	    -0.26623054
  1338.66733342	    -0.27708474
  1339.16739592	    -0.28776126
  1339.66745843	    -0.29815573
  1340.16752094	    -0.30817172
  1340.66758345	    -0.31771909
  1341.16764596	    -0.32671174
  1341.66770846	    -0.33506554
  1342.16777097	    -0.34269697
  1342.66783348	    -0.34952282
  1343.16789599	    -0.35546054
  1343.66795849	    -0.36042875
  1344.16802100	    -0.36434727
  1344.66808351	    -0.36713651
  1345.16814602	    -0.36871657
  1345.66820853	    -0.36900694
  1346.16827103	    -0.36792820
  1346.66833354	    -0.36540656
  1347.16839605	    -0.36138156
  1347.66845856	    -0.35581580
  1348.16852107	    -0.34870463
  1348.66858357	    -0.34008319
  1349.16864608	    -0.33002840
  1349.66870859	    -0.31865524
  1350.16877110	    -0.30610779
  1350.66883360	    -0.29254782
  1351.16889611	    -0.27814373
  1351.66895862	    -0.26306240
  1352.16902113	    -0.24746522
  1352.66908364	    -0.23150757
  1353.16914614	    -0.21533988
  1353.66920865	    -0.19910817
  1354.16927116	    -0.18295247
  1354.66933367	    -0.16700298
  1355.16939617	    -0.15137496
  1355.66945868	    -0.13616401
  1356.16952119	    -0.12144324
  1356.66958370	    -0.10726337
  1357.16964621	    -0.09365567
  1357.66970871	    -0.08063682
  1358.16977122	    -0.06821489
  1358.66983373	    -0.05639505
  1359.16989624	    -0.04518441
  1359.66995874	    -0.03459568
  1360.17002125	    -0.02464938
  1360.67008376	    -0.01537476
  1361.17014627	    -0.00680944
  1361.67020878	     0.00100211
  1362.17027128	     0.00801115
  1362.67033379	     0.01416787
  1363.17039630	     0.01942478
  1363.67045881	     0.02373975
  1364.17052132	     0.02707818
  1364.67058382	     0.02941414
  1365.17064633	     0.03073050
  1365.67070884	     0.03101853
  1366.17077135	     0.03027736
  1366.67083385	     0.02851388
  1367.17089636	     0.02574324
  1367.67095887	     0.02199006
  1368.17102138	     0.01729018
  1368.67108389	     0.01169291
  1369.17114639	     0.00526354
  1369.67120890	    -0.00191379
  1370.17127141	    -0.00973309
  1370.67133392	    -0.01806359
  1371.17139642	    -0.02674733
  1371.67145893	    -0.03559758
  1372.17152144	    -0.04439870
  1372.67158395	    -0.05290772
  1373.17164646	    -0.06085797
  1373.67170896	    -0.06796508
  1374.17177147	    -0.07393551
  1374.67183398	    -0.07847786
  1375.17189649	    -0.08131678
  1375.67195899	    -0.08220911
  1376.17202150	    -0.08096117
  1376.67208401	    -0.07744555
  1377.17214652	    -0.07161520
  1377.67220903	    -0.06351252
  1378.17227153	    -0.05327172
  1378.67233404	    -0.04111332
  1379.17239655	    -0.02733138
  1379.67245906	    -0.01227496
  1380.17252157	     0.00367369
  1380.67258407	     0.02012144
  1381.17264658	     0.03668455
  1381.67270909	     0.05300528
  1382.17277160	     0.06876409
  1382.67283410	     0.08368771
  1383.17289661	     0.09755426
  1383.67295912	     0.11019656
  1384.17302163	     0.12150506
  1384.67308414	     0.13143070
  1385.17314664	     0.13998770
  1385.67320915	     0.14725507
  1386.17327166	     0.15337584
  1386.67333417	     0.15855280
  1387.17339667	     0.16304016
  1387.67345918	     0.16713146
  1388.17352169	     0.17114435
  1388.67358420	     0.17540359
  1389.17364671	     0.18022348
  1389.67370921	     0.18589108
  1390.17377172	     0.19265139
  1390.67383423	     0.20069543
  1391.17389674	     0.21015189
  1391.67395924	     0.22108247
  1392.17402175	     0.23348055
  1392.67408426	     0.24727243
  1393.17414677	     0.26231993
  1393.67420928	     0.27842363
  1394.17427178	     0.29532612
  1394.67433429	     0.31271568
  1395.17439680	     0.33023139
  1395.67445931	     0.34747132
  1396.17452182	     0.36400545
  1396.67458432	     0.37939451
  1397.17464683	     0.39321451
  1397.67470934	     0.40508520
  1398.17477185	     0.41469872
  1398.67483435	     0.42184351
  1399.17489686	     0.42641889
  1399.67495937	     0.42843689
  1400.17502188	     0.42801098
  1400.67508439	     0.42533420
  1401.17514689	     0.42065148
  1401.67520940	     0.41423164
  1402.17527191	     0.40634396
  1402.67533442	     0.39724212
  1403.17539692	     0.38715647
  1403.67545943	     0.37629353
  1404.17552194	     0.36484045
  1404.67558445	     0.35297186
  1405.17564696	     0.34085651
  1405.67570946	     0.32866178
  1406.17577197	     0.31655490
  1406.67583448	     0.30470067
  1407.17589699	     0.29325657
  1407.67595949	     0.28236637
  1408.17602200	     0.27215400
  1408.67608451	     0.26271908
  1409.17614702	     0.25413494
  1409.67620953	     0.24644938
  1410.17627203	     0.23968762
  1410.67633454	     0.23385660
  1411.17639705	     0.22894963
  1411.67645956	     0.22495046
  1412.17652207	     0.22183618
  1412.67658457	     0.21957873
  1413.17664708	     0.21814517
  1413.67670959	     0.21749674
  1414.17677210	     0.21758739
  1414.67683460	     0.21836208
  1415.17689711	     0.21975559
  1415.67695962	     0.22169229
  1416.17702213	     0.22408763
  1416.67708464	     0.22685169
  1417.17714714	     0.22989493
  1417.67720965	     0.23313579
  1418.17727216	     0.23650916
  1418.67733467	     0.23997448
  1419.17739717	     0.24352177
  1419.67745968	     0.24717456
  1420.17752219	     0.25098887
  1420.67758470	     0.25504846
  1421.17764721	     0.25945725
  1421.67770971	     0.26433009
  1422.17777222	     0.26978318
  1422.67783473	     0.27592514
  1423.17789724	     0.28284923
  1423.67795974	     0.29062672
  1424.17802225	     0.29930129
  1424.67808476	     0.30888390
  1425.17814727	     0.31934791
  1425.67820978	     0.33062419
  1426.17827228	     0.34259647
  1426.67833479	     0.35509715
  1427.17839730	     0.36790461
  1427.67845981	     0.38074287
  1428.17852232	     0.39328485
  1428.67858482	     0.40516018
  1429.17864733	     0.41596831
  1429.67870984	     0.42529669
  1430.17877235	     0.43274337
  1430.67883485	     0.43794205
  1431.17889736	     0.44058739
  1431.67895987	     0.44045759
  1432.17902238	     0.43743138
  1432.67908489	     0.43149714
  1433.17914739	     0.42275243
  1433.67920990	     0.41139399
  1434.17927241	     0.39769940
  1434.67933492	     0.38200320
  1435.17939742	     0.36467080
  1435.67945993	     0.34607362
  1436.17952244	     0.32656789
  1436.67958495	     0.30647879
  1437.17964746	     0.28609017
  1437.67970996	     0.26563945
  1438.17977247	     0.24531680
  1438.67983498	     0.22526759
  1439.17989749	     0.20559716
  1439.67996000	     0.18637701
  1440.18002250	     0.16765192
  1440.68008501	     0.14944749
  1441.18014752	     0.13177765
  1441.68021003	     0.11465197
  1442.18027253	     0.09808248
  1442.68033504	     0.08208962
  1443.18039755	     0.06670708
  1443.68046006	     0.05198491
  1444.18052257	     0.03799070
  1444.68058507	     0.02480798
  1445.18064758	     0.01253186
  1445.68071009	     0.00126164
  1446.18077260	    -0.00890895
  1446.68083510	    -0.01790296
  1447.18089761	    -0.02567112
  1447.68096012	    -0.03220070
  1448.18102263	    -0.03752050
  1448.68108514	    -0.04170100
  1449.18114764	    -0.04484957
  1449.68121015	    -0.04710170
  1450.18127266	    -0.04860971
  1450.68133517	    -0.04953101
  1451.18139767	    -0.05001730
  1451.68146018	    -0.05020592
  1452.18152269	    -0.05021375
  1452.68158520	    -0.05013364
  1453.18164771	    -0.05003309
  1453.68171021	    -0.04995462
  1454.18177272	    -0.04991755
  1454.68183523	    -0.04992083
  1455.18189774	    -0.04994681
  1455.68196025	    -0.04996572
  1456.18202275	    -0.04994088
  1456.68208526	    -0.04983420
  1457.18214777	    -0.04961158
  1457.68221028	    -0.04924768
  1458.18227278	    -0.04872943
  1458.68233529	    -0.04805767
  1459.18239780	    -0.04724699
  1459.68246031	    -0.04632364
  1460.18252282	    -0.04532208
  1460.68258532	    -0.04428077
  1461.18264783	    -0.04323786
  1461.68271034	    -0.04222719
  1462.18277285	    -0.04127502
  1462.68283535	    -0.04039758
  1463.18289786	    -0.03959946
  1463.68296037	    -0.03887269
  1464.18302288	    -0.03819670
  1464.68308539	    -0.03753898
  1465.18314789	    -0.03685657
  1465.68321040	    -0.03609860
  1466.18327291	    -0.03520978
  1466.68333542	    -0.03413473
  1467.18339792	    -0.03282293
  1467.68346043	    -0.03123359
  1468.18352294	    -0.02933980
  1468.68358545	    -0.02713115
  1469.18364796	    -0.02461444
  1469.68371046	    -0.02181229
  1470.18377297	    -0.01875992
  1470.68383548	    -0.01550097
  1471.18389799	    -0.01208291
  1471.68396050	    -0.00855302
  1472.18402300	    -0.00495541
  1472.68408551	    -0.00132918
  1473.18414802	     0.00229202
  1473.68421053	     0.00587958
  1474.18427303	     0.00940863
  1474.68433554	     0.01285658
  1475.18439805	     0.01620147
  1475.68446056	     0.01942077
  1476.18452307	     0.02249054
  1476.68458557	     0.02538541
  1477.18464808	     0.02807930
  1477.68471059	     0.03054694
  1478.18477310	     0.03276598
  1478.68483560	     0.03471943
  1479.18489811	     0.03639804
  1479.68496062	     0.03780212
  1480.18502313	     0.03894244
  1480.68508564	     0.03984007
  1481.18514814	     0.04052509
  1481.68521065	     0.04103446
  1482.18527316	     0.04140955
  1482.68533567	     0.04169359
  1483.18539817	     0.04192962
  1483.68546068	     0.04215909
  1484.18552319	     0.04242126
  1484.68558570	     0.04275323
  1485.18564821	     0.04319063
  1485.68571071	     0.04376870
  1486.18577322	     0.04452351
  1486.68583573	     0.04549324
  1487.18589824	     0.04671931
  1487.68596075	     0.04824708
  1488.18602325	     0.05012604
  1488.68608576	     0.05240936
  1489.18614827	     0.05515246
  1489.68621078	     0.05841086
  1490.18627328	     0.06223721
  1490.68633579	     0.06667783
  1491.18639830	     0.07176928
  1491.68646081	     0.07753550
  1492.18652332	     0.08398600
  1492.68658582	     0.09111581
  1493.18664833	     0.09890713
  1493.68671084	     0.10733241
  1494.18677335	     0.11635833
  1494.68683585	     0.12594915
  1495.18689836	     0.13606818
  1495.68696087	     0.14667587
  1496.18702338	     0.15772347
  1496.68708589	     0.16914221
  1497.18714839	     0.18082918
  1497.68721090	     0.19263256
  1498.18727341	     0.20433993
  1498.68733592	     0.21567383
  1499.18739842	     0.22629797
  1499.68746093	     0.23583538
  1500.18752344	     0.24389703
  1500.68758595	     0.25011658
  1501.18764846	     0.25418493
  1501.68771096	     0.25587831
  1502.18777347	     0.25507513
  1502.68783598	     0.25175980
  1503.18789849	     0.24601461
  1503.68796100	     0.23800311
  1504.18802350	     0.22794924
  1504.68808601	     0.21611609
  1505.18814852	     0.20278721
  1505.68821103	     0.18825177
  1506.18827353	     0.17279397
  1506.68833604	     0.15668604
  1507.18839855	     0.14018412
  1507.68846106	     0.12352629
  1508.18852357	     0.10693210
  1508.68858607	     0.09060325
  1509.18864858	     0.07472502
  1509.68871109	     0.05946785
  1510.18877360	     0.04498857
  1510.68883610	     0.03143066
  1511.18889861	     0.01892300
  1511.68896112	     0.00757718
  1512.18902363	    -0.00251648
  1512.68908614	    -0.01129353
  1513.18914864	    -0.01871977
  1513.68921115	    -0.02479463
  1514.18927366	    -0.02955263
  1514.68933617	    -0.03306238
  1515.18939867	    -0.03542294
  1515.68946118	    -0.03675768
  1516.18952369	    -0.03720645
  1516.68958620	    -0.03691689
  1517.18964871	    -0.03603615
  1517.68971121	    -0.03470375
  1518.18977372	    -0.03304624
  1518.68983623	    -0.03117385
  1519.18989874	    -0.02917911
  1519.68996125	    -0.02713688
  1520.19002375	    -0.02510556
  1520.69008626	    -0.02312896
  1521.19014877	    -0.02123850
  1521.69021128	    -0.01945539
  1522.19027378	    -0.01779273
  1522.69033629	    -0.01625736
  1523.19039880	    -0.01485144
  1523.69046131	    -0.01357369
  1524.19052382	    -0.01242047
  1524.69058632	    -0.01138655
  1525.19064883	    -0.01046574
  1525.69071134	    -0.00965133
  1526.19077385	    -0.00893641
  1526.69083635	    -0.00831414
  1527.19089886	    -0.00777789
  1527.69096137	    -0.00732133
  1528.19102388	    -0.00693854
  1528.69108639	    -0.00662401
  1529.19114889	    -0.00637266
  1529.69121140	    -0.00617987
  1530.19127391	    -0.00604145
  1530.69133642	    -0.00595364
  1531.19139892	    -0.00591314
  1531.69146143	    -0.00591708
  1532.19152394	    -0.00596303
  1532.69158645	    -0.00604905
  1533.19164896	    -0.00617374
  1533.69171146	    -0.00633630
  1534.19177397	    -0.00653667
  1534.69183648	    -0.00677565
  1535.19189899	    -0.00705513
  1535.69196150	    -0.00737841
  1536.19202400	    -0.00775051
  1536.69208651	    -0.00817874
  1537.19214902	    -0.00867325
  1537.69221153	    -0.00924783
  1538.19227403	    -0.00992082
  1538.69233654	    -0.01071624
  1539.19239905	    -0.01166495
  1539.69246156	    -0.01280599
  1540.19252407	    -0.01418778
  1540.69258657	    -0.01586911
  1541.19264908	    -0.01791952
  1541.69271159	    -0.02041883
  1542.19277410	    -0.02345515
  1542.69283660	    -0.02712105
  1543.19289911	    -0.03150745
  1543.69296162	    -0.03669517
  1544.19302413	    -0.04274426
  1544.69308664	    -0.04968219
  1545.19314914	    -0.05749198
  1545.69321165	    -0.06610211
  1546.19327416	    -0.07538000
  1546.69333667	    -0.08513059
  1547.19339917	    -0.09510100
  1547.69346168	    -0.10499161
  1548.19352419	    -0.11447316
  1548.69358670	    -0.12320865
  1549.19364921	    -0.13087825
  1549.69371171	    -0.13720446
  1550.19377422	    -0.14197458
  1550.69383673	    -0.14505713
  1551.19389924	    -0.14640988
  1551.69396175	    -0.14607826
  1552.19402425	    -0.14418478
  1552.69408676	    -0.14091154
  1553.19414927	    -0.13647926
  1553.69421178	    -0.13112600
  1554.19427428	    -0.12508846
  1554.69433679	    -0.11858752
  1555.19439930	    -0.11181865
  1555.69446181	    -0.10494691
  1556.19452432	    -0.09810567
  1556.69458682	    -0.09139803
  1557.19464933	    -0.08489992
  1557.69471184	    -0.07866400
  1558.19477435	    -0.07272377
  1558.69483685	    -0.06709754
  1559.19489936	    -0.06179189
  1559.69496187	    -0.05680471
  1560.19502438	    -0.05212762
  1560.69508689	    -0.04774793
  1561.19514939	    -0.04365020
  1561.69521190	    -0.03981736
  1562.19527441	    -0.03623159
  1562.69533692	    -0.03287492
  1563.19539942	    -0.02972969
  1563.69546193	    -0.02677883
  1564.19552444	    -0.02400603
  1564.69558695	    -0.02139587
  1565.19564946	    -0.01893388
  1565.69571196	    -0.01660650
  1566.19577447	    -0.01440112
  1566.69583698	    -0.01230600
  1567.19589949	    -0.01031025
  1567.69596200	    -0.00840376
  1568.19602450	    -0.00657712
  1568.69608701	    -0.00482160
  1569.19614952	    -0.00312906
  1569.69621203	    -0.00149189
  1570.19627453	     0.00009704
  1570.69633704	     0.00164441
  1571.19639955	     0.00315656
  1571.69646206	     0.00463947
  1572.19652457	     0.00609887
  1572.69658707	     0.00754022
  1573.19664958	     0.00896882
  1573.69671209	     0.01038979
  1574.19677460	     0.01180814
  1574.69683710	     0.01322880
  1575.19689961	     0.01465665
  1575.69696212	     0.01609656
  1576.19702463	     0.01755342
  1576.69708714	     0.01903219
  1577.19714964	     0.02053793
  1577.69721215	     0.02207580
  1578.19727466	     0.02365115
  1578.69733717	     0.02526954
  1579.19739967	     0.02693675
  1579.69746218	     0.02865889
  1580.19752469	     0.03044236
  1580.69758720	     0.03229397
  1581.19764971	     0.03422096
  1581.69771221	     0.03623106
  1582.19777472	     0.03833254
  1582.69783723	     0.04053430
  1583.19789974	     0.04284592
  1583.69796225	     0.04527776
  1584.19802475	     0.04784099
  1584.69808726	     0.05054775
  1585.19814977	     0.05341119
  1585.69821228	     0.05644561
  1586.19827478	     0.05966652
  1586.69833729	     0.06309081
  1587.19839980	     0.06673681
  1587.69846231	     0.07062444
  1588.19852482	     0.07477529
  1588.69858732	     0.07921274
  1589.19864983	     0.08396205
  1589.69871234	     0.08905037
  1590.19877485	     0.09450675
  1590.69883735	     0.10036211
  1591.19889986	     0.10664904
  1591.69896237	     0.11340150
  1592.19902488	     0.12065436
  1592.69908739	     0.12844268
  1593.19914989	     0.13680064
  1593.69921240	     0.14576017
  1594.19927491	     0.15534894
  1594.69933742	     0.16558786
  1595.19939993	     0.17648780
  1595.69946243	     0.18804554
  1596.19952494	     0.20023881
  1596.69958745	     0.21302066
  1597.19964996	     0.22631318
  1597.69971246	     0.24000103
  1598.19977497	     0.25392555
  1598.69983748	     0.26788040
  1599.19989999	     0.28160999
  1599.69996250	     0.29481220
  1600.20002500	     0.30714673
  1600.70008751	     0.31824992
  1601.20015002	     0.32775576
  1601.70021253	     0.33532192
  1602.20027503	     0.34065761
  1602.70033754	     0.34354953
  1603.20040005	     0.34388182
  1603.70046256	     0.34164649
  1604.20052507	     0.33694294
  1604.70058757	     0.32996683
  1605.20065008	     0.32099063
  1605.70071259	     0.31033932
  1606.20077510	     0.29836475
  1606.70083760	     0.28542185
  1607.20090011	     0.27184888
  1607.70096262	     0.25795281
  1608.20102513	     0.24400012
  1608.70108764	     0.23021227
  1609.20115014	     0.21676529
  1609.70121265	     0.20379205
  1610.20127516	     0.19138657
  1610.70133767	     0.17960926
  1611.20140018	     0.16849262
  1611.70146268	     0.15804686
  1612.20152519	     0.14826515
  1612.70158770	     0.13912818
  1613.20165021	     0.13060810
  1613.70171271	     0.12267162
  1614.20177522	     0.11528245
  1614.70183773	     0.10840308
  1615.20190024	     0.10199610
  1615.70196275	     0.09602501
  1616.20202525	     0.09045482
  1616.70208776	     0.08525231
  1617.20215027	     0.08038627
  1617.70221278	     0.07582745
  1618.20227528	     0.07154860
  1618.70233779	     0.06752434
  1619.20240030	     0.06373108
  1619.70246281	     0.06014688
  1620.20252532	     0.05675131
  1620.70258782	     0.05352533
  1621.20265033	     0.05045115
  1621.70271284	     0.04751209
  1622.20277535	     0.04469251
  1622.70283785	     0.04197767
  1623.20290036	     0.03935367
  1623.70296287	     0.03680739
  1624.20302538	     0.03432643
  1624.70308789	     0.03189913
  1625.20315039	     0.02951456
  1625.70321290	     0.02716259
  1626.20327541	     0.02483402
  1626.70333792	     0.02252067
  1627.20340043	     0.02021564
  1627.70346293	     0.01791353
  1628.20352544	     0.01561074
  1628.70358795	     0.01330581
  1629.20365046	     0.01099973
  1629.70371296	     0.00869626
  1630.20377547	     0.00640216
  1630.70383798	     0.00412723
  1631.20390049	     0.00188420
  1631.70396300	    -0.00031168
  1632.20402550	    -0.00244331
  1632.70408801	    -0.00449269
  1633.20415052	    -0.00644203
  1633.70421303	    -0.00827473
  1634.20427553	    -0.00997618
  1634.70433804	    -0.01153401
  1635.20440055	    -0.01293776
  1635.70446306	    -0.01417790
  1636.20452557	    -0.01524462
  1636.70458807	    -0.01612646
  1637.20465058	    -0.01680951
  1637.70471309	    -0.01727732
  1638.20477560	    -0.01751185
  1638.70483810	    -0.01749530
  1639.20490061	    -0.01721245
  1639.70496312	    -0.01665315
  1640.20502563	    -0.01581420
  1640.70508814	    -0.01470038
  1641.20515064	    -0.01332437
  1641.70521315	    -0.01170569
  1642.20527566	    -0.00986890
  1642.70533817	    -0.00784160
  1643.20540068	    -0.00565238
  1643.70546318	    -0.00332912
  1644.20552569	    -0.00089764
  1644.70558820	     0.00161934
  1645.20565071	     0.00420278
  1645.70571321	     0.00683771
  1646.20577572	     0.00951340
  1646.70583823	     0.01222327
  1647.20590074	     0.01496474
  1647.70596325	     0.01773889
  1648.20602575	     0.02055016
  1648.70608826	     0.02340589
  1649.20615077	     0.02631599
  1649.70621328	     0.02929254
  1650.20627578	     0.03234950
  1650.70633829	     0.03550233
  1651.20640080	     0.03876779
  1651.70646331	     0.04216365
  1652.20652582	     0.04570840
  1652.70658832	     0.04942094
  1653.20665083	     0.05332022
  1653.70671334	     0.05742470
  1654.20677585	     0.06175177
  1654.70683835	     0.06631688
  1655.20690086	     0.07113249
  1655.70696337	     0.07620670
  1656.20702588	     0.08154162
  1656.70708839	     0.08713130
  1657.20715089	     0.09295950
  1657.70721340	     0.09899712
  1658.20727591	     0.10519968
  1658.70733842	     0.11150498
  1659.20740093	     0.11783140
  1659.70746343	     0.12407731
  1660.20752594	     0.13012209
  1660.70758845	     0.13582924
  1661.20765096	     0.14105175
  1661.70771346	     0.14563982
  1662.20777597	     0.14945019
  1662.70783848	     0.15235633
  1663.20790099	     0.15425822
  1663.70796350	     0.15509043
  1664.20802600	     0.15482746
  1664.70808851	     0.15348565
  1665.20815102	     0.15112152
  1665.70821353	     0.14782681
  1666.20827603	     0.14372096
  1666.70833854	     0.13894198
  1667.20840105	     0.13363684
  1667.70846356	     0.12795243
  1668.20852607	     0.12202791
  1668.70858857	     0.11598893
  1669.20865108	     0.10994400
  1669.70871359	     0.10398283
  1670.20877610	     0.09817620
  1670.70883860	     0.09257722
  1671.20890111	     0.08722323
  1671.70896362	     0.08213813
  1672.20902613	     0.07733484
  1672.70908864	     0.07281756
  1673.20915114	     0.06858388
  1673.70921365	     0.06462654
  1674.20927616	     0.06093490
  1674.70933867	     0.05749609
  1675.20940118	     0.05429595
  1675.70946368	     0.05131969
  1676.20952619	     0.04855243
  1676.70958870	     0.04597954
  1677.20965121	     0.04358688
  1677.70971371	     0.04136099
  1678.20977622	     0.03928918
  1678.70983873	     0.03735954
  1679.20990124	     0.03556102
  1679.70996375	     0.03388337
  1680.21002625	     0.03231710
  1680.71008876	     0.03085352
  1681.21015127	     0.02948460
  1681.71021378	     0.02820301
  1682.21027628	     0.02700200
  1682.71033879	     0.02587541
  1683.21040130	     0.02481758
  1683.71046381	     0.02382334
  1684.21052632	     0.02288796
  1684.71058882	     0.02200710
  1685.21065133	     0.02117678
  1685.71071384	     0.02039336
  1686.21077635	     0.01965351
  1686.71083885	     0.01895416
  1687.21090136	     0.01829249
  1687.71096387	     0.01766592
  1688.21102638	     0.01707207
  1688.71108889	     0.01650875
  1689.21115139	     0.01597395
  1689.71121390	     0.01546580
  1690.21127641	     0.01498260
  1690.71133892	     0.01452275
  1691.21140143	     0.01408480
  1691.71146393	     0.01366738
  1692.21152644	     0.01326925
  1692.71158895	     0.01288923
  1693.21165146	     0.01252626
  1693.71171396	     0.01217933
  1694.21177647	     0.01184751
  1694.71183898	     0.01152994
  1695.21190149	     0.01122580
  1695.71196400	     0.01093436
  1696.21202650	     0.01065490
  1696.71208901	     0.01038679
  1697.21215152	     0.01012939
  1697.71221403	     0.00988216
  1698.21227653	     0.00964455
  1698.71233904	     0.00941607
  1699.21240155	     0.00919625
  1699.71246406	     0.00898464
  1700.21252657	     0.00878085
  1700.71258907	     0.00858448
  1701.21265158	     0.00839518
  1701.71271409	     0.00821260
  1702.21277660	     0.00803641
  1702.71283910	     0.00786633
  1703.21290161	     0.00770206
  1703.71296412	     0.00754334
  1704.21302663	     0.00738991
  1704.71308914	     0.00724154
  1705.21315164	     0.00709800
  1705.71321415	     0.00695908
  1706.21327666	     0.00682458
  1706.71333917	     0.00669430
  1707.21340168	     0.00656807
  1707.71346418	     0.00644571
  1708.21352669	     0.00632707
  1708.71358920	     0.00621199
  1709.21365171	     0.00610032
  1709.71371421	     0.00599194
  1710.21377672	     0.00588669
  1710.71383923	     0.00578447
  1711.21390174	     0.00568516
  1711.71396425	     0.00558863
  1712.21402675	     0.00549478
  1712.71408926	     0.00540352
  1713.21415177	     0.00531474
  1713.71421428	     0.00522835
  1714.21427678	     0.00514427
  1714.71433929	     0.00506240
  1715.21440180	     0.00498267
  1715.71446431	     0.00490500
  1716.21452682	     0.00482932
  1716.71458932	     0.00475556
  1717.21465183	     0.00468365
  1717.71471434	     0.00461353
  1718.21477685	     0.00454513
  1718.71483935	     0.00447840
  1719.21490186	     0.00441329
  1719.71496437	     0.00434972
  1720.21502688	     0.00428767
  1720.71508939	     0.00422707
  1721.21515189	     0.00416788
  1721.71521440	     0.00411006
  1722.21527691	     0.00405356
  1722.71533942	     0.00399833
  1723.21540193	     0.00394435
  1723.71546443	     0.00389156
  1724.21552694	     0.00383994
  1724.71558945	     0.00378945
  1725.21565196	     0.00374005
  1725.71571446	     0.00369171
  1726.21577697	     0.00364440
  1726.71583948	     0.00359808
  1727.21590199	     0.00355274
  1727.71596450	     0.00350834
  1728.21602700	     0.00346485
  1728.71608951	     0.00342225
  1729.21615202	     0.00338052
  1729.71621453	     0.00333962
  1730.21627703	     0.00329953
  1730.71633954	     0.00326024
  1731.21640205	     0.00322172
  1731.71646456	     0.00318395
  1732.21652707	     0.00314691
  1732.71658957	     0.00311058
  1733.21665208	     0.00307494
  1733.71671459	     0.00303997
  1734.21677710	     0.00300565
  1734.71683960	     0.00297197
  1735.21690211	     0.00293892
  1735.71696462	     0.00290646
  1736.21702713	     0.00287460
  1736.71708964	     0.00284332
  1737.21715214	     0.00281259
  1737.71721465	     0.00278241
  1738.21727716	     0.00275276
  1738.71733967	     0.00272363
  1739.21740218	     0.00269500
  1739.71746468	     0.00266688
  1740.21752719	     0.00263923
  1740.71758970	     0.00261206
  1741.21765221	     0.00258534
  1741.71771471	     0.00255907
  1742.21777722	     0.00253324
  1742.71783973	     0.00250784
  1743.21790224	     0.00248286
  1743.71796475	     0.00245829
  1744.21802725	     0.00243411
  1744.71808976	     0.00241033
  1745.21815227	     0.00238692
  1745.71821478	     0.00236389
  1746.21827728	     0.00234123
  1746.71833979	     0.00231892
  1747.21840230	     0.00229695
  1747.71846481	     0.00227533
  1748.21852732	     0.00225404
  1748.71858982	     0.00223308
  1749.21865233	     0.00221244
  1749.71871484	     0.00219211
  1750.21877735	     0.00217209
  1750.71883985	     0.00215236
