   969.12114015	    -0.00178559
   969.63120390	    -0.00036306
   970.14126766	     0.00091939
   970.65133142	     0.00208676
   971.16139518	     0.00316271
   971.67145893	     0.00416866
   972.18152269	     0.00512334
   972.69158645	     0.00604268
   973.20165021	     0.00693992
   973.71171397	     0.00782588
   974.22177772	     0.00870929
   974.73184148	     0.00959719
   975.24190524	     0.01049533
   975.75196900	     0.01140845
   976.26203276	     0.01234064
   976.77209651	     0.01329552
   977.28216027	     0.01427646
   977.79222403	     0.01528670
   978.30228779	     0.01632941
   978.81235154	     0.01740775
   979.32241530	     0.01852485
   979.83247906	     0.01968382
   980.34254282	     0.02088768
   980.85260657	     0.02213939
   981.36267033	     0.02344176
   981.87273409	     0.02479751
   982.38279785	     0.02620923
   982.89286161	     0.02767940
   983.40292536	     0.02921039
   983.91298912	     0.03080445
   984.42305288	     0.03246372
   984.93311664	     0.03419016
   985.44318040	     0.03598554
   985.95324415	     0.03785143
   986.46330791	     0.03978917
   986.97337167	     0.04179985
   987.48343543	     0.04388440
   987.99349919	     0.04604362
   988.50356294	     0.04827837
   989.01362670	     0.05058982
   989.52369046	     0.05297986
   990.03375422	     0.05545177
   990.54381797	     0.05801106
   991.05388173	     0.06066645
   991.56394549	     0.06343093
   992.07400925	     0.06632248
   992.58407300	     0.06936423
   993.09413676	     0.07258365
   993.60420052	     0.07601051
   994.11426428	     0.07967376
   994.62432804	     0.08359760
   995.13439179	     0.08779749
   995.64445556	     0.09227699
   996.15451932	     0.09702625
   996.66458308	     0.10202268
   997.17464684	     0.10723393
   997.68471059	     0.11262252
   998.19477435	     0.11815140
   998.70483811	     0.12378923
   999.21490187	     0.12951436
   999.72496562	     0.13531689
  1000.23502938	     0.14119839
  1000.74509314	     0.14716966
  1001.25515690	     0.15324703
  1001.76522066	     0.15944781
  1002.27528441	     0.16578578
  1002.78534817	     0.17226701
  1003.29541193	     0.17888635
  1003.80547569	     0.18562481
  1004.31553945	     0.19244768
  1004.82560320	     0.19930362
  1005.33566696	     0.20612470
  1005.84573072	     0.21282751
  1006.35579448	     0.21931563
  1006.86585823	     0.22548333
  1007.37592199	     0.23122072
  1007.88598575	     0.23641989
  1008.39604951	     0.24098180
  1008.90611326	     0.24482316
  1009.41617702	     0.24788284
  1009.92624078	     0.25012687
  1010.43630454	     0.25155167
  1010.94636830	     0.25218490
  1011.45643205	     0.25208360
  1011.96649581	     0.25132974
  1012.47655957	     0.25002340
  1012.98662333	     0.24827453
  1013.49668709	     0.24619436
  1014.00675084	     0.24388766
  1014.51681460	     0.24144692
  1015.02687836	     0.23894885
  1015.53694212	     0.23645344
  1016.04700587	     0.23400492
  1016.55706963	     0.23163405
  1017.06713339	     0.22936096
  1017.57719715	     0.22719781
  1018.08726091	     0.22515120
  1018.59732466	     0.22322410
  1019.10738842	     0.22141777
  1019.61745218	     0.21973369
  1020.12751594	     0.21817583
  1020.63757969	     0.21675309
  1021.14764345	     0.21548178
  1021.65770721	     0.21438752
  1022.16777097	     0.21350641
  1022.67783473	     0.21288503
  1023.18789848	     0.21257927
  1023.69796224	     0.21265235
  1024.20802600	     0.21317223
  1024.71808976	     0.21420905
  1025.22815352	     0.21583294
  1025.73821727	     0.21811241
  1026.24828103	     0.22111351
  1026.75834479	     0.22489956
  1027.26840855	     0.22953141
  1027.77847230	     0.23506791
  1028.28853607	     0.24156650
  1028.79859983	     0.24908358
  1029.30866359	     0.25767457
  1029.81872735	     0.26739356
  1030.32879110	     0.27829229
  1030.83885486	     0.29041843
  1031.34891862	     0.30381310
  1031.85898238	     0.31850733
  1032.36904613	     0.33451755
  1032.87910989	     0.35183984
  1033.38917365	     0.37044286
  1033.89923741	     0.39025939
  1034.40930117	     0.41117655
  1034.91936492	     0.43302476
  1035.42942868	     0.45556623
  1035.93949244	     0.47848370
  1036.44955620	     0.50137123
  1036.95961995	     0.52372918
  1037.46968371	     0.54496608
  1037.97974747	     0.56441029
  1038.48981123	     0.58133388
  1038.99987499	     0.59498955
  1039.50993874	     0.60465940
  1040.02000250	     0.60971126
  1040.53006626	     0.60965563
  1041.04013002	     0.60419467
  1041.55019378	     0.59325470
  1042.06025753	     0.57699640
  1042.57032129	     0.55580081
  1043.08038505	     0.53023430
  1043.59044881	     0.50099911
  1044.10051256	     0.46887832
  1044.61057632	     0.43468284
  1045.12064008	     0.39920630
  1045.63070384	     0.36318993
  1046.14076760	     0.32729741
  1046.65083135	     0.29209774
  1047.16089511	     0.25805417
  1047.67095887	     0.22551813
  1048.18102263	     0.19472775
  1048.69108638	     0.16581168
  1049.20115014	     0.13879830
  1049.71121390	     0.11363025
  1050.22127766	     0.09018275
  1050.73134142	     0.06828353
  1051.24140517	     0.04773221
  1051.75146893	     0.02831686
  1052.26153269	     0.00982653
  1052.77159645	    -0.00794061
  1053.28166020	    -0.02517332
  1053.79172396	    -0.04204637
  1054.30178772	    -0.05872147
  1054.81185148	    -0.07534872
  1055.32191524	    -0.09206741
  1055.83197899	    -0.10900531
  1056.34204275	    -0.12627626
  1056.85210651	    -0.14397576
  1057.36217027	    -0.16217515
  1057.87223403	    -0.18091457
  1058.38229778	    -0.20019542
  1058.89236154	    -0.21997291
  1059.40242530	    -0.24014923
  1059.91248906	    -0.26056823
  1060.42255281	    -0.28101219
  1060.93261657	    -0.30120144
  1061.44268034	    -0.32079745
  1061.95274410	    -0.33940961
  1062.46280786	    -0.35660603
  1062.97287161	    -0.37192841
  1063.48293537	    -0.38491102
  1063.99299913	    -0.39510334
  1064.50306289	    -0.40209573
  1065.01312664	    -0.40554630
  1065.52319040	    -0.40520619
  1066.03325416	    -0.40093944
  1066.54331792	    -0.39273385
  1067.05338168	    -0.38069959
  1067.56344543	    -0.36505463
  1068.07350919	    -0.34609860
  1068.58357295	    -0.32417883
  1069.09363671	    -0.29965407
  1069.60370046	    -0.27286124
  1070.11376422	    -0.24408986
  1070.62382798	    -0.21356659
  1071.13389174	    -0.18145084
  1071.64395550	    -0.14783996
  1072.15401925	    -0.11278192
  1072.66408301	    -0.07629219
  1073.17414677	    -0.03837172
  1073.68421053	     0.00097690
  1074.19427429	     0.04173693
  1074.70433804	     0.08386958
  1075.21440180	     0.12731046
  1075.72446556	     0.17196941
  1076.23452932	     0.21773207
  1076.74459307	     0.26446199
  1077.25465683	     0.31200181
  1077.76472059	     0.36017339
  1078.27478435	     0.40877666
  1078.78484811	     0.45758777
  1079.29491186	     0.50635696
  1079.80497562	     0.55480643
  1080.31503938	     0.60262760
  1080.82510314	     0.64947704
  1081.33516689	     0.69497022
  1081.84523065	     0.73867274
  1082.35529441	     0.78009016
  1082.86535817	     0.81865896
  1083.37542193	     0.85374248
  1083.88548568	     0.88463568
  1084.39554944	     0.91058238
  1084.90561320	     0.93080616
  1085.41567696	     0.94455380
  1085.92574071	     0.95114762
  1086.43580447	     0.95004085
  1086.94586823	     0.94086955
  1087.45593199	     0.92349529
  1087.96599575	     0.89803385
  1088.47605950	     0.86486736
  1088.98612326	     0.82463872
  1089.49618702	     0.77822876
  1090.00625078	     0.72671773
  1090.51631454	     0.67133431
  1091.02637829	     0.61339631
  1091.53644205	     0.55424801
  1092.04650581	     0.49519888
  1092.55656957	     0.43746788
  1093.06663332	     0.38213585
  1093.57669708	     0.33010821
  1094.08676085	     0.28208891
  1094.59682461	     0.23856654
  1095.10688837	     0.19981311
  1095.61695212	     0.16589529
  1096.12701588	     0.13669699
  1096.63707964	     0.11195112
  1097.14714340	     0.09127734
  1097.65720715	     0.07422194
  1098.16727091	     0.06029618
  1098.67733467	     0.04900975
  1099.18739843	     0.03989720
  1099.69746219	     0.03253642
  1100.20752594	     0.02655919
  1100.71758970	     0.02165504
  1101.22765346	     0.01756972
  1101.73771722	     0.01410016
  1102.24778097	     0.01108738
  1102.75784473	     0.00840879
  1103.26790849	     0.00597075
  1103.77797225	     0.00370217
  1104.28803601	     0.00154917
  1104.79809976	    -0.00052899
  1105.30816352	    -0.00256317
  1105.81822728	    -0.00457706
  1106.32829104	    -0.00658955
  1106.83835480	    -0.00861696
  1107.34841855	    -0.01067512
  1107.85848231	    -0.01278109
  1108.36854607	    -0.01495441
  1108.87860983	    -0.01721774
  1109.38867358	    -0.01959692
  1109.89873734	    -0.02212051
  1110.40880110	    -0.02481904
  1110.91886486	    -0.02772426
  1111.42892862	    -0.03086845
  1111.93899237	    -0.03428390
  1112.44905613	    -0.03800270
  1112.95911989	    -0.04205670
  1113.46918365	    -0.04647756
  1113.97924740	    -0.05129691
  1114.48931116	    -0.05654642
  1114.99937492	    -0.06225777
  1115.50943868	    -0.06846236
  1116.01950244	    -0.07519080
  1116.52956619	    -0.08247195
  1117.03962995	    -0.09033145
  1117.54969371	    -0.09878969
  1118.05975747	    -0.10785894
  1118.56982122	    -0.11753970
  1119.07988498	    -0.12781583
  1119.58994874	    -0.13864865
  1120.10001250	    -0.14996979
  1120.61007626	    -0.16167289
  1121.12014001	    -0.17360452
  1121.63020377	    -0.18555489
  1122.14026753	    -0.19724951
  1122.65033129	    -0.20834316
  1123.16039505	    -0.21841838
  1123.67045880	    -0.22699086
  1124.18052256	    -0.23352382
  1124.69058632	    -0.23745346
  1125.20065008	    -0.23822543
  1125.71071383	    -0.23534083
  1126.22077760	    -0.22840739
  1126.73084136	    -0.21718937
  1127.24090512	    -0.20164862
  1127.75096888	    -0.18196936
  1128.26103263	    -0.15856183
  1128.77109639	    -0.13204286
  1129.28116015	    -0.10319555
  1129.79122391	    -0.07291306
  1130.30128766	    -0.04213347
  1130.81135142	    -0.01177317
  1131.32141518	     0.01733421
  1131.83147894	     0.04448747
  1132.34154270	     0.06915194
  1132.85160645	     0.09097571
  1133.36167021	     0.10978809
  1133.87173397	     0.12558276
  1134.38179773	     0.13848951
  1134.89186148	     0.14873959
  1135.40192524	     0.15662934
  1135.91198900	     0.16248601
  1136.42205276	     0.16663850
  1136.93211652	     0.16939460
  1137.44218027	     0.17102541
  1137.95224403	     0.17175692
  1138.46230779	     0.17176848
  1138.97237155	     0.17119698
  1139.48243531	     0.17014555
  1139.99249906	     0.16869479
  1140.50256282	     0.16691468
  1141.01262658	     0.16487489
  1141.52269034	     0.16265217
  1142.03275409	     0.16033368
  1142.54281785	     0.15801620
  1143.05288161	     0.15580185
  1143.56294537	     0.15379137
  1144.07300913	     0.15207618
  1144.58307288	     0.15073060
  1145.09313664	     0.14980513
  1145.60320040	     0.14932182
  1146.11326416	     0.14927236
  1146.62332791	     0.14961935
  1147.13339167	     0.15030089
  1147.64345543	     0.15123801
  1148.15351919	     0.15234417
  1148.66358295	     0.15353520
  1149.17364670	     0.15473836
  1149.68371046	     0.15589889
  1150.19377422	     0.15698322
  1150.70383798	     0.15797868
  1151.21390174	     0.15888998
  1151.72396549	     0.15973350
  1152.23402925	     0.16053043
  1152.74409301	     0.16129987
  1153.25415677	     0.16205293
  1153.76422052	     0.16278841
  1154.27428428	     0.16349083
  1154.78434804	     0.16413097
  1155.29441180	     0.16466900
  1155.80447556	     0.16506002
  1156.31453931	     0.16526117
  1156.82460307	     0.16523939
  1157.33466683	     0.16497847
  1157.84473059	     0.16448410
  1158.35479434	     0.16378590
  1158.86485810	     0.16293610
  1159.37492187	     0.16200496
  1159.88498563	     0.16107382
  1160.39504939	     0.16022692
  1160.90511314	     0.15954291
  1161.41517690	     0.15908709
  1161.92524066	     0.15890458
  1162.43530442	     0.15901481
  1162.94536817	     0.15940707
  1163.45543193	     0.16003711
  1163.96549569	     0.16082497
  1164.47555945	     0.16165406
  1164.98562321	     0.16237228
  1165.49568696	     0.16279589
  1166.00575072	     0.16271681
  1166.51581448	     0.16191410
  1167.02587824	     0.16016948
  1167.53594200	     0.15728612
  1168.04600575	     0.15310870
  1168.55606951	     0.14754225
  1169.06613327	     0.14056645
  1169.57619703	     0.13224285
  1170.08626078	     0.12271356
  1170.59632454	     0.11219129
  1171.10638830	     0.10094231
  1171.61645206	     0.08926516
  1172.12651582	     0.07746792
  1172.63657957	     0.06584722
  1173.14664333	     0.05467100
  1173.65670709	     0.04416680
  1174.16677085	     0.03451582
  1174.67683460	     0.02585251
  1175.18689836	     0.01826833
  1175.69696212	     0.01181802
  1176.20702588	     0.00652621
  1176.71708964	     0.00239281
  1177.22715339	    -0.00060408
  1177.73721715	    -0.00250781
  1178.24728091	    -0.00338493
  1178.75734467	    -0.00332766
  1179.26740842	    -0.00245570
  1179.77747218	    -0.00091605
  1180.28753594	     0.00111993
  1180.79759970	     0.00346248
  1181.30766346	     0.00591195
  1181.81772721	     0.00826907
  1182.32779097	     0.01034614
  1182.83785473	     0.01197774
  1183.34791849	     0.01303012
  1183.85798225	     0.01340812
  1184.36804600	     0.01305880
  1184.87810976	     0.01197126
  1185.38817352	     0.01017302
  1185.89823728	     0.00772323
  1186.40830103	     0.00470420
  1186.91836479	     0.00121216
  1187.42842855	    -0.00265149
  1187.93849231	    -0.00678773
  1188.44855607	    -0.01110592
  1188.95861982	    -0.01552836
  1189.46868358	    -0.01999357
  1189.97874734	    -0.02445864
  1190.48881110	    -0.02890084
  1190.99887485	    -0.03331840
  1191.50893862	    -0.03773052
  1192.01900238	    -0.04217612
  1192.52906614	    -0.04671126
  1193.03912990	    -0.05140494
  1193.54919365	    -0.05633340
  1194.05925741	    -0.06157319
  1194.56932117	    -0.06719363
  1195.07938493	    -0.07324945
  1195.58944868	    -0.07977479
  1196.09951244	    -0.08677952
  1196.60957620	    -0.09424887
  1197.11963996	    -0.10214664
  1197.62970372	    -0.11042173
  1198.13976747	    -0.11901702
  1198.64983123	    -0.12787892
  1199.15989499	    -0.13696615
  1199.66995875	    -0.14625626
  1200.18002251	    -0.15574894
  1200.69008626	    -0.16546620
  1201.20015002	    -0.17544969
  1201.71021378	    -0.18575610
  1202.22027754	    -0.19645148
  1202.73034129	    -0.20760540
  1203.24040505	    -0.21928543
  1203.75046881	    -0.23155222
  1204.26053257	    -0.24445524
  1204.77059633	    -0.25802914
  1205.28066008	    -0.27229060
  1205.79072384	    -0.28723560
  1206.30078760	    -0.30283727
  1206.81085136	    -0.31904467
  1207.32091511	    -0.33578285
  1207.83097887	    -0.35295494
  1208.34104263	    -0.37044684
  1208.85110639	    -0.38813475
  1209.36117015	    -0.40589554
  1209.87123390	    -0.42361897
  1210.38129766	    -0.44122003
  1210.89136142	    -0.45864931
  1211.40142518	    -0.47589881
  1211.91148893	    -0.49300144
  1212.42155269	    -0.51002341
  1212.93161645	    -0.52704987
  1213.44168021	    -0.54416587
  1213.95174397	    -0.56143534
  1214.46180772	    -0.57888126
  1214.97187148	    -0.59647004
  1215.48193524	    -0.61410291
  1215.99199900	    -0.63161612
  1216.50206276	    -0.64879130
  1217.01212651	    -0.66537590
  1217.52219027	    -0.68111229
  1218.03225403	    -0.69577232
  1218.54231779	    -0.70919261
  1219.05238154	    -0.72130461
  1219.56244530	    -0.73215420
  1220.07250906	    -0.74190676
  1220.58257282	    -0.75083677
  1221.09263658	    -0.75930365
  1221.60270033	    -0.76771793
  1222.11276409	    -0.77650284
  1222.62282785	    -0.78605583
  1223.13289161	    -0.79671365
  1223.64295536	    -0.80872309
  1224.15301913	    -0.82221816
  1224.66308289	    -0.83720425
  1225.17314665	    -0.85354916
  1225.68321041	    -0.87098192
  1226.19327416	    -0.88909999
  1226.70333792	    -0.90738686
  1227.21340168	    -0.92524103
  1227.72346544	    -0.94201717
  1228.23352919	    -0.95707785
  1228.74359295	    -0.96985187
  1229.25365671	    -0.97989221
  1229.76372047	    -0.98692529
  1230.27378423	    -0.99088320
  1230.78384798	    -0.99191323
  1231.29391174	    -0.99036342
  1231.80397550	    -0.98674702
  1232.31403926	    -0.98169263
  1232.82410302	    -0.97588767
  1233.33416677	    -0.97002238
  1233.84423053	    -0.96473930
  1234.35429429	    -0.96059106
  1234.86435805	    -0.95800737
  1235.37442180	    -0.95727100
  1235.88448556	    -0.95850227
  1236.39454932	    -0.96165107
  1236.90461308	    -0.96649602
  1237.41467684	    -0.97265004
  1237.92474059	    -0.97957236
  1238.43480435	    -0.98658719
  1238.94486811	    -0.99290945
  1239.45493187	    -0.99767851
  1239.96499562	    -1.00000000
  1240.47505938	    -0.99899529
  1240.98512314	    -0.99385611
  1241.49518690	    -0.98389997
  1242.00525066	    -0.96861969
  1242.51531441	    -0.94772001
  1243.02537817	    -0.92113524
  1243.53544193	    -0.88902514
  1244.04550569	    -0.85175060
  1244.55556944	    -0.80983441
  1245.06563320	    -0.76391447
  1245.57569696	    -0.71469659
  1246.08576072	    -0.66291227
  1246.59582448	    -0.60928450
  1247.10588823	    -0.55450269
  1247.61595199	    -0.49920674
  1248.12601575	    -0.44397952
  1248.63607951	    -0.38934647
  1249.14614327	    -0.33577998
  1249.65620702	    -0.28370523
  1250.16627078	    -0.23350411
  1250.67633454	    -0.18551435
  1251.18639830	    -0.14002308
  1251.69646205	    -0.09725623
  1252.20652581	    -0.05736707
  1252.71658957	    -0.02042780
  1253.22665333	     0.01357290
  1253.73671709	     0.04472493
  1254.24678084	     0.07318554
  1254.75684460	     0.09916390
  1255.26690836	     0.12290439
  1255.77697212	     0.14467080
  1256.28703587	     0.16473269
  1256.79709963	     0.18335400
  1257.30716340	     0.20078334
  1257.81722716	     0.21724530
  1258.32729092	     0.23293230
  1258.83735467	     0.24799747
  1259.34741843	     0.26254891
  1259.85748219	     0.27664649
  1260.36754595	     0.29030182
  1260.87760970	     0.30348185
  1261.38767346	     0.31611632
  1261.89773722	     0.32810888
  1262.40780098	     0.33935137
  1262.91786474	     0.34974062
  1263.42792849	     0.35919624
  1263.93799225	     0.36767752
  1264.44805601	     0.37519710
  1264.95811977	     0.38182857
  1265.46818353	     0.38770637
  1265.97824728	     0.39301715
  1266.48831104	     0.39798367
  1266.99837480	     0.40284339
  1267.50843856	     0.40782519
  1268.01850231	     0.41312714
  1268.52856607	     0.41889805
  1269.03862983	     0.42522430
  1269.54869359	     0.43212284
  1270.05875735	     0.43954014
  1270.56882110	     0.44735702
  1271.07888486	     0.45539861
  1271.58894862	     0.46344917
  1272.09901238	     0.47127098
  1272.60907613	     0.47862616
  1273.11913989	     0.48529965
  1273.62920365	     0.49112106
  1274.13926741	     0.49598253
  1274.64933117	     0.49985040
  1275.15939492	     0.50276925
  1275.66945868	     0.50485837
  1276.17952244	     0.50630184
  1276.68958620	     0.50733409
  1277.19964995	     0.50822307
  1277.70971371	     0.50925255
  1278.21977747	     0.51070467
  1278.72984123	     0.51284371
  1279.23990499	     0.51590132
  1279.74996874	     0.52006381
  1280.26003250	     0.52546149
  1280.77009626	     0.53216044
  1281.28016002	     0.54015653
  1281.79022378	     0.54937215
  1282.30028753	     0.55965573
  1282.81035129	     0.57078475
  1283.32041505	     0.58247240
  1283.83047881	     0.59437816
  1284.34054256	     0.60612184
  1284.85060632	     0.61729959
  1285.36067008	     0.62750026
  1285.87073384	     0.63632000
  1286.38079760	     0.64337384
  1286.89086135	     0.64830419
  1287.40092511	     0.65078787
  1287.91098887	     0.65054393
  1288.42105263	     0.64734459
  1288.93111638	     0.64102987
  1289.44118015	     0.63152447
  1289.95124391	     0.61885331
  1290.46130767	     0.60315145
  1290.97137143	     0.58466489
  1291.48143518	     0.56374082
  1291.99149894	     0.54080861
  1292.50156270	     0.51635460
  1293.01162646	     0.49089479
  1293.52169021	     0.46494918
  1294.03175397	     0.43902004
  1294.54181773	     0.41357536
  1295.05188149	     0.38903695
  1295.56194525	     0.36577258
  1296.07200900	     0.34409086
  1296.58207276	     0.32423805
  1297.09213652	     0.30639608
  1297.60220028	     0.29068162
  1298.11226404	     0.27714563
  1298.62232779	     0.26577348
  1299.13239155	     0.25648514
  1299.64245531	     0.24913557
  1300.15251907	     0.24351520
  1300.66258282	     0.23935162
  1301.17264658	     0.23631314
  1301.68271034	     0.23401592
  1302.19277410	     0.23203535
  1302.70283786	     0.22992186
  1303.21290161	     0.22722023
  1303.72296537	     0.22349058
  1304.23302913	     0.21832877
  1304.74309289	     0.21138455
  1305.25315664	     0.20237610
  1305.76322040	     0.19110062
  1306.27328416	     0.17744053
  1306.78334792	     0.16136474
  1307.29341168	     0.14292438
  1307.80347543	     0.12224229
  1308.31353919	     0.09949672
  1308.82360295	     0.07490080
  1309.33366671	     0.04868049
  1309.84373047	     0.02105469
  1310.35379422	    -0.00777972
  1310.86385798	    -0.03765549
  1311.37392174	    -0.06843466
  1311.88398550	    -0.10000046
  1312.39404925	    -0.13224282
  1312.90411301	    -0.16503923
  1313.41417677	    -0.19823344
  1313.92424053	    -0.23161506
  1314.43430429	    -0.26490392
  1314.94436804	    -0.29774332
  1315.45443180	    -0.32970618
  1315.96449556	    -0.36031611
  1316.47455932	    -0.38908244
  1316.98462307	    -0.41554428
  1317.49468683	    -0.43931489
  1318.00475059	    -0.46011632
  1318.51481435	    -0.47779569
  1319.02487811	    -0.49231922
  1319.53494186	    -0.50374634
  1320.04500562	    -0.51219207
  1320.55506938	    -0.51778832
  1321.06513314	    -0.52065437
  1321.57519689	    -0.52088268
  1322.08526066	    -0.51854154
  1322.59532442	    -0.51369111
  1323.10538818	    -0.50640680
  1323.61545194	    -0.49680273
  1324.12551569	    -0.48504923
  1324.63557945	    -0.47138017
  1325.14564321	    -0.45608899
  1325.65570697	    -0.43951489
  1326.16577073	    -0.42202256
  1326.67583448	    -0.40397959
  1327.18589824	    -0.38573551
  1327.69596200	    -0.36760516
  1328.20602576	    -0.34985766
  1328.71608951	    -0.33271098
  1329.22615327	    -0.31633132
  1329.73621703	    -0.30083587
  1330.24628079	    -0.28629766
  1330.75634455	    -0.27275138
  1331.26640830	    -0.26019915
  1331.77647206	    -0.24861603
  1332.28653582	    -0.23795482
  1332.79659958	    -0.22815036
  1333.30666333	    -0.21912353
  1333.81672709	    -0.21078513
  1334.32679085	    -0.20304003
  1334.83685461	    -0.19579165
  1335.34691837	    -0.18894673
  1335.85698212	    -0.18242015
  1336.36704588	    -0.17613934
  1336.87710964	    -0.17004767
  1337.38717340	    -0.16410643
  1337.89723715	    -0.15829492
  1338.40730091	    -0.15260895
  1338.91736467	    -0.14705781
  1339.42742843	    -0.14166048
  1339.93749219	    -0.13644160
  1340.44755594	    -0.13142778
  1340.95761970	    -0.12664478
  1341.46768346	    -0.12211553
  1341.97774722	    -0.11785923
  1342.48781098	    -0.11389127
  1342.99787473	    -0.11022375
  1343.50793849	    -0.10686661
  1344.01800225	    -0.10382882
  1344.52806601	    -0.10111977
  1345.03812976	    -0.09875034
  1345.54819352	    -0.09673368
  1346.05825728	    -0.09508535
  1346.56832104	    -0.09382271
  1347.07838480	    -0.09296354
  1347.58844855	    -0.09252396
  1348.09851231	    -0.09251592
  1348.60857607	    -0.09294465
  1349.11863983	    -0.09380656
  1349.62870358	    -0.09508778
  1350.13876734	    -0.09676374
  1350.64883110	    -0.09879959
  1351.15889486	    -0.10115168
  1351.66895862	    -0.10376971
  1352.17902237	    -0.10659964
  1352.68908613	    -0.10958725
  1353.19914989	    -0.11268207
  1353.70921365	    -0.11584162
  1354.21927740	    -0.11903553
  1354.72934117	    -0.12224895
  1355.23940493	    -0.12548507
  1355.74946869	    -0.12876611
  1356.25953245	    -0.13213272
  1356.76959620	    -0.13564181
  1357.27965996	    -0.13936309
  1357.78972372	    -0.14337458
  1358.29978748	    -0.14775751
  1358.80985124	    -0.15259102
  1359.31991499	    -0.15794672
  1359.82997875	    -0.16388360
  1360.34004251	    -0.17044333
  1360.85010627	    -0.17764641
  1361.36017002	    -0.18548944
  1361.87023378	    -0.19394392
  1362.38029754	    -0.20295672
  1362.89036130	    -0.21245242
  1363.40042506	    -0.22233722
  1363.91048881	    -0.23250411
  1364.42055257	    -0.24283864
  1364.93061633	    -0.25322454
  1365.44068009	    -0.26354849
  1365.95074384	    -0.27370344
  1366.46080760	    -0.28359012
  1366.97087136	    -0.29311680
  1367.48093512	    -0.30219775
  1367.99099888	    -0.31075110
  1368.50106263	    -0.31869679
  1369.01112639	    -0.32595541
  1369.52119015	    -0.33244780
  1370.03125391	    -0.33809545
  1370.54131766	    -0.34282095
  1371.05138142	    -0.34654804
  1371.56144518	    -0.34920102
  1372.07150894	    -0.35070389
  1372.58157270	    -0.35098007
  1373.09163645	    -0.34995403
  1373.60170021	    -0.34755558
  1374.11176397	    -0.34372722
  1374.62182773	    -0.33843335
  1375.13189149	    -0.33166958
  1375.64195524	    -0.32346931
  1376.15201900	    -0.31390573
  1376.66208276	    -0.30308817
  1377.17214652	    -0.29115369
  1377.68221027	    -0.27825617
  1378.19227403	    -0.26455575
  1378.70233779	    -0.25021117
  1379.21240155	    -0.23537595
  1379.72246531	    -0.22019787
  1380.23252906	    -0.20482002
  1380.74259282	    -0.18938126
  1381.25265658	    -0.17401480
  1381.76272034	    -0.15884448
  1382.27278409	    -0.14397994
  1382.78284785	    -0.12951207
  1383.29291161	    -0.11551045
  1383.80297537	    -0.10202330
  1384.31303913	    -0.08908036
  1384.82310288	    -0.07669752
  1385.33316664	    -0.06488243
  1385.84323040	    -0.05364002
  1386.35329416	    -0.04297705
  1386.86335791	    -0.03290560
  1387.37342167	    -0.02344520
  1387.88348544	    -0.01462366
  1388.39354920	    -0.00647678
  1388.90361296	     0.00095316
  1389.41367671	     0.00761979
  1389.92374047	     0.01347574
  1390.43380423	     0.01847583
  1390.94386799	     0.02258001
  1391.45393175	     0.02575535
  1391.96399550	     0.02797719
  1392.47405926	     0.02922924
  1392.98412302	     0.02950320
  1393.49418678	     0.02879824
  1394.00425053	     0.02712091
  1394.51431429	     0.02448562
  1395.02437805	     0.02091579
  1395.53444181	     0.01644552
  1396.04450557	     0.01112169
  1396.55456932	     0.00500640
  1397.06463308	    -0.00182030
  1397.57469684	    -0.00925761
  1398.08476060	    -0.01718114
  1398.59482435	    -0.02544066
  1399.10488811	    -0.03385855
  1399.61495187	    -0.04222972
  1400.12501563	    -0.05032305
  1400.63507939	    -0.05788491
  1401.14514314	    -0.06464482
  1401.65520690	    -0.07032359
  1402.16527066	    -0.07464403
  1402.67533442	    -0.07734426
  1403.18539817	    -0.07819300
  1403.69546193	    -0.07700602
  1404.20552569	    -0.07366215
  1404.71558945	    -0.06811662
  1405.22565321	    -0.06040979
  1405.73571696	    -0.05066927
  1406.24578072	    -0.03910484
  1406.75584448	    -0.02599618
  1407.26590824	    -0.01167530
  1407.77597200	     0.00349422
  1408.28603575	     0.01913846
  1408.79609951	     0.03489242
  1409.30616327	     0.05041585
  1409.81622703	     0.06540480
  1410.32629078	     0.07959937
  1410.83635454	     0.09278850
  1411.34641830	     0.10481320
  1411.85648206	     0.11556924
  1412.36654582	     0.12501000
  1412.87660957	     0.13314897
  1413.38667333	     0.14006131
  1413.89673709	     0.14588307
  1414.40680085	     0.15080712
  1414.91686460	     0.15507526
  1415.42692836	     0.15896669
  1415.93699212	     0.16278354
  1416.44705588	     0.16683471
  1416.95711964	     0.17141914
  1417.46718339	     0.17680986
  1417.97724715	     0.18323991
  1418.48731091	     0.19089098
  1418.99737467	     0.19988547
  1419.50743842	     0.21028206
  1420.01750219	     0.22207447
  1420.52756595	     0.23519258
  1421.03762971	     0.24950498
  1421.54769347	     0.26482197
  1422.05775722	     0.28089874
  1422.56782098	     0.29743877
  1423.07788474	     0.31409880
  1423.58794850	     0.33049652
  1424.09801226	     0.34622292
  1424.60807601	     0.36086019
  1425.11813977	     0.37400505
  1425.62820353	     0.38529583
  1426.13826729	     0.39443970
  1426.64833104	     0.40123545
  1427.15839480	     0.40558732
  1427.66845856	     0.40750673
  1428.17852232	     0.40710162
  1428.68858608	     0.40455561
  1429.19864983	     0.40010165
  1429.70871359	     0.39399544
  1430.21877735	     0.38649309
  1430.72884111	     0.37783589
  1431.23890486	     0.36824296
  1431.74896862	     0.35791070
  1432.25903238	     0.34701713
  1432.76909614	     0.33572835
  1433.27915990	     0.32420486
  1433.78922365	     0.31260587
  1434.29928741	     0.30109044
  1434.80935117	     0.28981532
  1435.31941493	     0.27893029
  1435.82947868	     0.26857210
  1436.33954244	     0.25885863
  1436.84960620	     0.24988463
  1437.35966996	     0.24171985
  1437.86973372	     0.23440975
  1438.37979747	     0.22797831
  1438.88986123	     0.22243215
  1439.39992499	     0.21776490
  1439.90998875	     0.21396110
  1440.42005251	     0.21099895
  1440.93011626	     0.20885179
  1441.44018002	     0.20748826
  1441.95024378	     0.20687151
  1442.46030754	     0.20695773
  1442.97037129	     0.20769458
  1443.48043505	     0.20902001
  1443.99049881	     0.21086210
  1444.50056257	     0.21314042
  1445.01062633	     0.21576945
  1445.52069008	     0.21866402
  1446.03075384	     0.22174655
  1446.54081760	     0.22495513
  1447.05088136	     0.22825115
  1447.56094511	     0.23162515
  1448.07100887	     0.23509950
  1448.58107263	     0.23872746
  1449.09113639	     0.24258873
  1449.60120015	     0.24678215
  1450.11126390	     0.25141694
  1450.62132766	     0.25660363
  1451.13139142	     0.26244554
  1451.64145518	     0.26903137
  1452.15151893	     0.27642891
  1452.66158269	     0.28467971
  1453.17164646	     0.29379419
  1453.68171022	     0.30374700
  1454.19177398	     0.31447241
  1454.70183773	     0.32585982
  1455.21190149	     0.33774981
  1455.72196525	     0.34993159
  1456.23202901	     0.36214267
  1456.74209277	     0.37407195
  1457.25215652	     0.38536714
  1457.76222028	     0.39564727
  1458.27228404	     0.40451994
  1458.78234780	     0.41160283
  1459.29241155	     0.41654754
  1459.80247531	     0.41906365
  1460.31253907	     0.41894019
  1460.82260283	     0.41606182
  1461.33266659	     0.41041748
  1461.84273034	     0.40209997
  1462.35279410	     0.39129642
  1462.86285786	     0.37827084
  1463.37292162	     0.36334143
  1463.88298537	     0.34685577
  1464.39304913	     0.32916710
  1464.90311289	     0.31061427
  1465.41317665	     0.29150658
  1465.92324041	     0.27211399
  1466.43330416	     0.25266233
  1466.94336792	     0.23333249
  1467.45343168	     0.21426273
  1467.96349544	     0.19555325
  1468.47355920	     0.17727205
  1468.98362295	     0.15946173
  1469.49368671	     0.14214663
  1470.00375047	     0.12533999
  1470.51381423	     0.10905094
  1471.02387798	     0.09329091
  1471.53394174	     0.07807935
  1472.04400550	     0.06344828
  1472.55406926	     0.04944533
  1473.06413302	     0.03613477
  1473.57419677	     0.02359605
  1474.08426053	     0.01191965
  1474.59432429	     0.00120001
  1475.10438805	    -0.00847373
  1475.61445180	    -0.01702835
  1476.12451556	    -0.02441702
  1476.63457932	    -0.03062762
  1477.14464308	    -0.03568753
  1477.65470684	    -0.03966380
  1478.16477059	    -0.04265856
  1478.67483435	    -0.04480067
  1479.18489811	    -0.04623501
  1479.69496187	    -0.04711130
  1480.20502562	    -0.04757384
  1480.71508938	    -0.04775325
  1481.22515314	    -0.04776069
  1481.73521690	    -0.04768449
  1482.24528066	    -0.04758885
  1482.75534441	    -0.04751422
  1483.26540817	    -0.04747896
  1483.77547193	    -0.04748208
  1484.28553569	    -0.04750679
  1484.79559946	    -0.04752477
  1485.30566320	    -0.04750115
  1485.81572697	    -0.04739968
  1486.32579073	    -0.04718793
  1486.83585449	    -0.04684182
  1487.34591824	    -0.04634888
  1487.85598200	    -0.04570994
  1488.36604576	    -0.04493887
  1488.87610952	    -0.04406062
  1489.38617328	    -0.04310799
  1489.89623703	    -0.04211755
  1490.40630079	    -0.04112559
  1490.91636455	    -0.04016429
  1491.42642831	    -0.03925863
  1491.93649206	    -0.03842406
  1492.44655582	    -0.03766493
  1492.95661958	    -0.03697367
  1493.46668334	    -0.03633070
  1493.97674710	    -0.03570511
  1494.48681085	    -0.03505604
  1494.99687461	    -0.03433510
  1495.50693837	    -0.03348970
  1496.01700213	    -0.03246717
  1496.52706588	    -0.03121945
  1497.03712964	    -0.02970776
  1497.54719340	    -0.02790648
  1498.05725716	    -0.02580573
  1498.56732092	    -0.02341197
  1499.07738467	    -0.02074671
  1499.58744843	    -0.01784346
  1500.09751219	    -0.01474371
  1500.60757595	    -0.01149263
  1501.11763971	    -0.00813519
  1501.62770346	    -0.00471332
  1502.13776722	    -0.00126425
  1502.64783098	     0.00218005
  1503.15789474	     0.00559235
  1503.66795849	     0.00894900
  1504.17802225	     0.01222850
  1504.68808601	     0.01540999
  1505.19814977	     0.01847202
  1505.70821353	     0.02139182
  1506.21827728	     0.02414527
  1506.72834104	     0.02670756
  1507.23840480	     0.02905465
  1507.74846856	     0.03116528
  1508.25853231	     0.03302330
  1508.76859607	     0.03461991
  1509.27865983	     0.03595540
  1509.78872359	     0.03704001
  1510.29878735	     0.03789379
  1510.80885110	     0.03854534
  1511.31891486	     0.03902983
  1511.82897862	     0.03938660
  1512.33904238	     0.03965676
  1512.84910613	     0.03988125
  1513.35916989	     0.04009952
  1513.86923365	     0.04034888
  1514.37929741	     0.04066463
  1514.88936117	     0.04108067
  1515.39942492	     0.04163050
  1515.90948868	     0.04234843
  1516.41955244	     0.04327079
  1516.92961620	     0.04443696
  1517.43967997	     0.04589009
  1517.94974372	     0.04767727
  1518.45980748	     0.04984904
  1518.96987124	     0.05245813
  1519.47993500	     0.05555735
  1519.98999875	     0.05919677
  1520.50006251	     0.06342046
  1521.01012627	     0.06826318
  1521.52019003	     0.07374770
  1522.03025379	     0.07988308
  1522.54031754	     0.08666459
  1523.05038130	     0.09407528
  1523.56044506	     0.10208897
  1524.07050882	     0.11067395
  1524.58057257	     0.11979623
  1525.09063633	     0.12942093
  1525.60070009	     0.13951041
  1526.11076385	     0.15001831
  1526.62082761	     0.16087921
  1527.13089136	     0.17199524
  1527.64095512	     0.18322200
  1528.15101888	     0.19435744
  1528.66108264	     0.20513765
  1529.17114639	     0.21524278
  1529.68121015	     0.22431426
  1530.19127391	     0.23198208
  1530.70133767	     0.23789779
  1531.21140143	     0.24176739
  1531.72146518	     0.24337804
  1532.23152894	     0.24261410
  1532.74159270	     0.23946073
  1533.25165646	     0.23399621
  1533.76172022	     0.22637609
  1534.27178397	     0.21681338
  1534.78184773	     0.20555831
  1535.29191149	     0.19288057
  1535.80197525	     0.17905522
  1536.31203900	     0.16435258
  1536.82210276	     0.14903156
  1537.33216652	     0.13333579
  1537.84223028	     0.11749173
  1538.35229404	     0.10170821
  1538.86235779	     0.08617707
  1539.37242155	     0.07107453
  1539.88248531	     0.05656270
  1540.39254907	     0.04279077
  1540.90261282	     0.02989519
  1541.41267658	     0.01799857
  1541.92274034	     0.00720702
  1542.43280410	    -0.00239355
  1542.94286786	    -0.01074181
  1543.45293161	    -0.01780527
  1543.96299537	    -0.02358336
  1544.47305913	    -0.02810892
  1544.98312289	    -0.03144721
  1545.49318664	    -0.03369245
  1546.00325040	    -0.03496198
  1546.51331416	    -0.03538882
  1547.02337792	    -0.03511341
  1547.53344168	    -0.03427570
  1548.04350543	    -0.03300839
  1548.55356919	    -0.03143185
  1549.06363295	    -0.02965093
  1549.57369671	    -0.02775364
  1550.08376047	    -0.02581118
  1550.59382422	    -0.02387909
  1551.10388799	    -0.02199906
  1551.61395175	    -0.02020095
  1552.12401551	    -0.01850495
  1552.63407926	    -0.01692351
  1553.14414302	    -0.01546315
  1553.65420678	    -0.01412591
  1554.16427054	    -0.01291058
  1554.67433430	    -0.01181370
  1555.18439805	    -0.01083029
  1555.69446181	    -0.00995447
  1556.20452557	    -0.00917984
  1556.71458933	    -0.00849984
  1557.22465308	    -0.00790798
  1557.73471684	    -0.00739792
  1558.24478060	    -0.00696367
  1558.75484436	    -0.00659958
  1559.26490812	    -0.00630041
  1559.77497187	    -0.00606134
  1560.28503563	    -0.00587797
  1560.79509939	    -0.00574631
  1561.30516315	    -0.00566279
  1561.81522690	    -0.00562427
  1562.32529066	    -0.00562802
  1562.83535442	    -0.00567172
  1563.34541818	    -0.00575353
  1563.85548194	    -0.00587213
  1564.36554569	    -0.00602676
  1564.87560945	    -0.00621734
  1565.38567321	    -0.00644464
  1565.89573697	    -0.00671047
  1566.40580073	    -0.00701795
  1566.91586448	    -0.00737188
  1567.42592824	    -0.00777919
  1567.93599200	    -0.00824954
  1568.44605576	    -0.00879605
  1568.95611951	    -0.00943617
  1569.46618327	    -0.01019273
  1569.97624703	    -0.01109509
  1570.48631079	    -0.01218039
  1570.99637455	    -0.01349468
  1571.50643830	    -0.01509386
  1572.01650206	    -0.01704411
  1572.52656582	    -0.01942133
  1573.03662958	    -0.02230931
  1573.54669333	    -0.02579612
  1574.05675709	    -0.02996824
  1574.56682085	    -0.03490252
  1575.07688461	    -0.04065610
  1575.58694837	    -0.04725510
  1576.09701212	    -0.05468336
  1576.60707588	    -0.06287286
  1577.11713964	    -0.07169751
  1577.62720340	    -0.08097176
  1578.13726715	    -0.09045509
  1578.64733091	    -0.09986252
  1579.15739467	    -0.10888087
  1579.66745843	    -0.11718961
  1580.17752219	    -0.12448453
  1580.68758594	    -0.13050170
  1581.19764970	    -0.13503879
  1581.70771346	    -0.13797074
  1582.21777722	    -0.13925741
  1582.72784099	    -0.13894199
  1583.23790474	    -0.13714101
  1583.74796850	    -0.13402768
  1584.25803226	    -0.12981192
  1584.76809602	    -0.12472018
  1585.27815977	    -0.11897759
  1585.78822353	    -0.11279424
  1586.29828729	    -0.10635604
  1586.80835105	    -0.09982000
  1587.31841481	    -0.09331297
  1587.82847856	    -0.08693302
  1588.33854232	    -0.08075236
  1588.84860608	    -0.07482107
  1589.35866984	    -0.06917104
  1589.86873359	    -0.06381966
  1590.37879735	    -0.05877321
  1590.88886111	    -0.05402967
  1591.39892487	    -0.04958106
  1591.90898863	    -0.04541533
  1592.41905238	    -0.04151778
  1592.92911614	    -0.03787219
  1593.43917990	    -0.03446159
  1593.94924366	    -0.03126890
  1594.45930741	    -0.02827733
  1594.96937117	    -0.02547062
  1595.47943493	    -0.02283328
  1595.98949869	    -0.02035063
  1596.49956245	    -0.01800891
  1597.00962620	    -0.01579523
  1597.51968996	    -0.01369759
  1598.02975372	    -0.01170482
  1598.53981748	    -0.00980657
  1599.04988124	    -0.00799322
  1599.55994499	    -0.00625582
  1600.07000875	    -0.00458606
  1600.58007251	    -0.00297620
  1601.09013627	    -0.00141900
  1601.60020002	     0.00009230
  1602.11026378	     0.00156408
  1602.62032754	     0.00300235
  1603.13039130	     0.00441282
  1603.64045506	     0.00580092
  1604.15051881	     0.00717187
  1604.66058257	     0.00853068
  1605.17064633	     0.00988223
  1605.68071009	     0.01123129
  1606.19077384	     0.01258254
  1606.70083760	     0.01394064
  1607.21090136	     0.01531020
  1607.72096512	     0.01669589
  1608.23102888	     0.01810243
  1608.74109263	     0.01953460
  1609.25115639	     0.02099734
  1609.76122015	     0.02249573
  1610.27128391	     0.02403506
  1610.78134766	     0.02562083
  1611.29141142	     0.02725883
  1611.80147518	     0.02895518
  1612.31153894	     0.03071633
  1612.82160270	     0.03254919
  1613.33166645	     0.03446109
  1613.84173021	     0.03645990
  1614.35179397	     0.03855410
  1614.86185773	     0.04075280
  1615.37192150	     0.04306583
  1615.88198525	     0.04550384
  1616.39204901	     0.04807837
  1616.90211277	     0.05080193
  1617.41217653	     0.05368811
  1617.92224028	     0.05675167
  1618.43230404	     0.06000868
  1618.94236780	     0.06347656
  1619.45243156	     0.06717426
  1619.96249532	     0.07112234
  1620.47255907	     0.07534301
  1620.98262283	     0.07986031
  1621.49268659	     0.08470005
  1622.00275035	     0.08988987
  1622.51281410	     0.09545919
  1623.02287786	     0.10143898
  1623.53294162	     0.10786157
  1624.04300538	     0.11476011
  1624.55306914	     0.12216795
  1625.06313289	     0.13011761
  1625.57319665	     0.13863944
  1626.08326041	     0.14775977
  1626.59332417	     0.15749850
  1627.10338793	     0.16786596
  1627.61345168	     0.17885906
  1628.12351544	     0.19045666
  1628.63357920	     0.20261410
  1629.14364296	     0.21525725
  1629.65370671	     0.22827641
  1630.16377047	     0.24152069
  1630.67383423	     0.25479381
  1631.18389799	     0.26785267
  1631.69396175	     0.28040992
  1632.20402550	     0.29214189
  1632.71408926	     0.30270265
  1633.22415302	     0.31174411
  1633.73421678	     0.31894065
  1634.24428053	     0.32401567
  1634.75434429	     0.32676632
  1635.26440805	     0.32708237
  1635.77447181	     0.32495625
  1636.28453557	     0.32048248
  1636.79459932	     0.31384716
  1637.30466308	     0.30530947
  1637.81472684	     0.29517851
  1638.32479060	     0.28378893
  1638.83485435	     0.27147832
  1639.34491811	     0.25856842
  1639.85498187	     0.24535121
  1640.36504563	     0.23208013
  1640.87510939	     0.21896585
  1641.38517314	     0.20617579
  1641.89523690	     0.19383633
  1642.40530066	     0.18203689
  1642.91536442	     0.17083492
  1643.42542818	     0.16026135
  1643.93549193	     0.15032590
  1644.44555569	     0.14102204
  1644.95561945	     0.13233144
  1645.46568321	     0.12422759
  1645.97574696	     0.11667882
  1646.48581072	     0.10965063
  1646.99587448	     0.10310733
  1647.50593824	     0.09701335
  1648.01600201	     0.09133396
  1648.52606575	     0.08603588
  1649.03612952	     0.08108754
  1649.54619328	     0.07645921
  1650.05625704	     0.07212310
  1650.56632079	     0.06805328
  1651.07638455	     0.06422562
  1651.58644831	     0.06061767
  1652.09651207	     0.05720856
  1652.60657583	     0.05397887
  1653.11663958	     0.05091049
  1653.62670334	     0.04798649
  1654.13676710	     0.04519101
  1654.64683086	     0.04250917
  1655.15689461	     0.03992696
  1655.66695837	     0.03743115
  1656.17702213	     0.03500926
  1656.68708589	     0.03264950
  1657.19714965	     0.03034078
  1657.70721340	     0.02807270
  1658.21727716	     0.02583564
  1658.72734092	     0.02362082
  1659.23740468	     0.02142048
  1659.74746844	     0.01922806
  1660.25753219	     0.01703841
  1660.76759595	     0.01484812
  1661.27765971	     0.01265579
  1661.78772347	     0.01046236
  1662.29778722	     0.00827143
  1662.80785098	     0.00608940
  1663.31791474	     0.00392560
  1663.82797850	     0.00179215
  1664.33804226	    -0.00029645
  1664.84810601	    -0.00232395
  1665.35816977	    -0.00427322
  1665.86823353	    -0.00612732
  1666.37829729	    -0.00787049
  1666.88836104	    -0.00948882
  1667.39842480	    -0.01097055
  1667.90848856	    -0.01230572
  1668.41855232	    -0.01348528
  1668.92861608	    -0.01449989
  1669.43867983	    -0.01533865
  1669.94874359	    -0.01598832
  1670.45880735	    -0.01643328
  1670.96887111	    -0.01665636
  1671.47893486	    -0.01664061
  1671.98899862	    -0.01637159
  1672.49906238	    -0.01583961
  1673.00912614	    -0.01504164
  1673.51918990	    -0.01398223
  1674.02925365	    -0.01267344
  1674.53931741	    -0.01113384
  1675.04938117	    -0.00938678
  1675.55944493	    -0.00745852
  1676.06950869	    -0.00537625
  1676.57957244	    -0.00316649
  1677.08963620	    -0.00085378
  1677.59969996	     0.00154023
  1678.10976372	     0.00399746
  1678.61982747	     0.00650367
  1679.12989123	     0.00904865
  1679.63995499	     0.01162614
  1680.15001875	     0.01423368
  1680.66008251	     0.01687231
  1681.17014627	     0.01954623
  1681.68021003	     0.02226245
  1682.19027379	     0.02503039
  1682.70033755	     0.02786153
  1683.21040130	     0.03076915
  1683.72046506	     0.03376795
  1684.23052882	     0.03687389
  1684.74059258	     0.04010386
  1685.25065634	     0.04347544
  1685.76072009	     0.04700661
  1686.27078385	     0.05071540
  1686.78084761	     0.05461937
  1687.29091137	     0.05873505
  1687.80097512	     0.06307714
  1688.31103888	     0.06765749
  1688.82110264	     0.07248382
  1689.33116640	     0.07755812
  1689.84123016	     0.08287473
  1690.35129391	     0.08841821
  1690.86135767	     0.09416088
  1691.37142143	     0.10006043
  1691.88148519	     0.10605770
  1692.39154895	     0.11207505
  1692.90161270	     0.11801584
  1693.41167646	     0.12376532
  1693.92174022	     0.12919366
  1694.43180398	     0.13416104
  1694.94186773	     0.13852497
  1695.45193149	     0.14214919
  1695.96199525	     0.14491336
  1696.47205901	     0.14672234
  1696.98212277	     0.14751389
  1697.49218652	     0.14726377
  1698.00225028	     0.14598751
  1698.51231404	     0.14373887
  1699.02237780	     0.14060512
  1699.53244155	     0.13669985
  1700.04250531	     0.13215434
  1700.55256907	     0.12710836
  1701.06263283	     0.12170165
  1701.57269659	     0.11606655
  1702.08276034	     0.11032259
  1702.59282410	     0.10457298
  1703.10288786	     0.09890302
  1703.61295162	     0.09338006
  1704.12301537	     0.08805460
  1704.63307913	     0.08296217
  1705.14314289	     0.07812549
  1705.65320665	     0.07355685
  1706.16327041	     0.06926024
  1706.67333416	     0.06523339
  1707.18339792	     0.06146938
  1707.69346168	     0.05795808
  1708.20352544	     0.05468727
  1708.71358920	     0.05164346
  1709.22365295	     0.04881260
  1709.73371671	     0.04618053
  1710.24378047	     0.04373333
  1710.75384423	     0.04145755
  1711.26390798	     0.03934041
  1711.77397174	     0.03736981
  1712.28403550	     0.03553444
  1712.79409926	     0.03382378
  1713.30416302	     0.03222808
  1713.81422678	     0.03073833
  1714.32429054	     0.02934625
  1714.83435430	     0.02804421
  1715.34441806	     0.02682523
  1715.85448181	     0.02568289
  1716.36454557	     0.02461133
  1716.87460933	     0.02360518
  1717.38467309	     0.02265951
  1717.89473685	     0.02176983
  1718.40480060	     0.02093200
  1718.91486436	     0.02014224
  1719.42492812	     0.01939710
  1719.93499188	     0.01869339
  1720.44505563	     0.01802820
  1720.95511939	     0.01739886
  1721.46518315	     0.01680290
  1721.97524691	     0.01623806
  1722.48531067	     0.01570226
  1722.99537442	     0.01519358
  1723.50543818	     0.01471026
  1724.01550194	     0.01425066
  1724.52556570	     0.01381328
  1725.03562946	     0.01339672
  1725.54569321	     0.01299970
  1726.05575697	     0.01262101
  1726.56582073	     0.01225956
  1727.07588449	     0.01191432
  1727.58594824	     0.01158434
  1728.09601200	     0.01126873
  1728.60607576	     0.01096667
  1729.11613952	     0.01067740
  1729.62620328	     0.01040019
  1730.13626703	     0.01013439
  1730.64633079	     0.00987937
  1731.15639455	     0.00963455
  1731.66645831	     0.00939939
  1732.17652206	     0.00917339
  1732.68658582	     0.00895607
  1733.19664958	     0.00874699
  1733.70671334	     0.00854572
  1734.21677710	     0.00835189
  1734.72684085	     0.00816511
  1735.23690461	     0.00798505
  1735.74696837	     0.00781139
  1736.25703213	     0.00764381
  1736.76709588	     0.00748204
  1737.27715964	     0.00732580
  1737.78722340	     0.00717483
  1738.29728716	     0.00702890
  1738.80735092	     0.00688777
  1739.31741467	     0.00675125
  1739.82747843	     0.00661911
  1740.33754219	     0.00649118
  1740.84760595	     0.00636727
  1741.35766971	     0.00624720
  1741.86773346	     0.00613082
  1742.37779722	     0.00601798
  1742.88786098	     0.00590852
  1743.39792474	     0.00580231
  1743.90798849	     0.00569922
  1744.41805225	     0.00559912
  1744.92811601	     0.00550189
  1745.43817977	     0.00540742
  1745.94824353	     0.00531561
  1746.45830728	     0.00522635
  1746.96837105	     0.00513955
  1747.47843481	     0.00505510
  1747.98849857	     0.00497294
  1748.49856232	     0.00489296
  1749.00862608	     0.00481509
  1749.51868984	     0.00473926
  1750.02875360	     0.00466538
  1750.53881736	     0.00459340
  1751.04888111	     0.00452324
  1751.55894487	     0.00445485
  1752.06900863	     0.00438815
  1752.57907239	     0.00432309
  1753.08913614	     0.00425962
  1753.59919990	     0.00419769
  1754.10926366	     0.00413723
  1754.61932742	     0.00407821
  1755.12939118	     0.00402057
  1755.63945493	     0.00396427
  1756.14951869	     0.00390927
  1756.65958245	     0.00385553
  1757.16964621	     0.00380300
  1757.67970997	     0.00375166
  1758.18977372	     0.00370145
  1758.69983748	     0.00365235
  1759.20990124	     0.00360432
  1759.71996500	     0.00355734
  1760.23002875	     0.00351136
  1760.74009251	     0.00346636
  1761.25015627	     0.00342231
  1761.76022003	     0.00337918
  1762.27028379	     0.00333695
  1762.78034754	     0.00329559
  1763.29041130	     0.00325507
  1763.80047506	     0.00321537
  1764.31053882	     0.00317647
  1764.82060257	     0.00313834
  1765.33066633	     0.00310097
  1765.84073009	     0.00306433
  1766.35079385	     0.00302841
  1766.86085761	     0.00299318
  1767.37092136	     0.00295862
  1767.88098512	     0.00292472
  1768.39104888	     0.00289146
  1768.90111264	     0.00285882
  1769.41117639	     0.00282679
  1769.92124015	     0.00279534
  1770.43130391	     0.00276448
  1770.94136767	     0.00273417
  1771.45143143	     0.00270441
  1771.96149518	     0.00267519
  1772.47155894	     0.00264648
  1772.98162270	     0.00261828
  1773.49168646	     0.00259057
  1774.00175022	     0.00256335
  1774.51181397	     0.00253659
  1775.02187773	     0.00251030
  1775.53194149	     0.00248445
  1776.04200525	     0.00245904
  1776.55206900	     0.00243406
  1777.06213276	     0.00240949
  1777.57219652	     0.00238533
  1778.08226028	     0.00236157
  1778.59232404	     0.00233819
  1779.10238779	     0.00231520
  1779.61245156	     0.00229258
  1780.12251532	     0.00227032
  1780.63257908	     0.00224841
  1781.14264283	     0.00222685
  1781.65270659	     0.00220563
  1782.16277035	     0.00218474
  1782.67283411	     0.00216418
  1783.18289787	     0.00214393
  1783.69296162	     0.00212399
  1784.20302538	     0.00210436
  1784.71308914	     0.00208502
  1785.22315290	     0.00206597
