966.2931513566525   0.09174213943950837
964.1129813169288   -0.05053234411787022
977.4308435479645   0.14506307090039172
989.5524113913963   0.07923476045485645
1002.478992689233   0.3423651458190933
1004.0162077624893   0.5322432501708816
1013.9375072607859   0.08362331448455862
1025.3483201581028   -0.2208326213260423
1037.6351266010877   -0.03980476760081997
1046.0015368743711   0.1644980958890736
1051.4115609271112   0.563072842229541
1054.050417545841   0.8230946684894054
1062.4819078947369   0.40703231801093676
1067.831622039288   0.04668631806789714
1073.174155037509   -0.0423908797968946
1084.9962108829386   -0.14238721804511245
1089.5507667389818   -0.2027298359535199
1096.7550698729187   0.12497699668752338
1097.9966343724925   0.4570161198450673
1108.665209218699   -0.027736244019138656
1121.2857365746381   -0.05790755297334238
1133.322586244627   -0.2049241129683712
1135.5161000326905   -0.22686688311688297
1146.7733135389678   -0.059004691480768034
1159.0738580641328   -0.13031869446343114
1164.3168444827484   -0.23893540669856428
1173.3484886758758   -0.0798503231218537
1185.522719167664   -0.09521026222581241
1198.536880739398   -0.013656299840510311
1207.636115398937   -0.3936964738048325
1217.9829452584029   0.001228212576897203
1226.7334494126337   0.10329344058197476
1239.0860705370146   0.08188617851446844
1246.4202029507833   0.23941698253899224
1250.916371957562   -0.08606744133059907
1257.0534785580553   -0.31134654818865304
1269.6604586385115   -0.17749565028273118
1281.9560421895558   -0.07655890759957718
1293.1170891205736   -0.0008563505872118959
1294.1153897589825   -0.10618164730006807
1305.0575178063737   -0.24027635376319578
1316.0734244432497   -0.30366657863667434
1329.0403246638944   -0.29463628476786363
1340.2391880145026   -0.06695894565960314
1353.7544652144195   0.05231829573934865
1365.0577012959995   -0.08972456968868414
1378.0000241463342   0.18849147015265455
1385.733024331014   0.0007109901376822769
1395.1520197479865   -0.2781581083390292
1407.194689022232   -0.06558752252532107
1419.3383904425093   -0.021701982228297556
1431.6851101883346   0.0397377741875351
1442.9993636730746   0.32473563588114707
1441.6326265267912   0.5455186261107317
1455.2517333924657   0.07670290236079724
1463.9146509824686   -0.25868389983222473
1464.36342833368   -0.5044429254955567
1475.1079824066094   0.021744702665755344
1480.4922230229722   0.08389759911141503
1492.582593971454   -0.011827735661467553
1504.7167550568838   -0.06558752252532107
1514.556492869667   -0.1941094619666046
1521.4063699122253   -0.4391309155241041
1533.500326904217   -0.09411312371838676
1545.7306545649067   -0.05571327595849107
1557.9369405817813   -0.040353336854532795
1570.2405380140972   0.06826337538060079
1582.4388101497004   0.07594334493257948
1594.4676459384177   -0.07875318461442848
1606.6739319552923   -0.06339324551047021
1618.8973905748921   -0.031576228795128
1630.615974674379   0.09569183806623993
1638.0710103887614   0.1369128991309445
1648.6910712693648   -0.0023923444976077235
1659.648555286698   0.00599210346440282
1671.3289045051056   -0.02690073084809974
1683.6978500366235   -0.028659131116561376
1695.7314236678653   -0.033046394395078504
1708.647136616244   -0.045839029391660624
1720.5669899798904   -0.03946953083466198
1733.027653124907   -0.045839029391660624
1745.4033678563997   -0.009713915470494161
1757.5936261107313   -0.009713915470494161
1769.5984278879014   -0.045839029391660624
1780.574137913955   -0.029747664616085245
